aux = h, W, e, c, Jx, Jy, Jz, Bsq, Esq, vsq, rhohWsq, vE, Sbarx, Sbary, Sbarz, Sbarsq, tauBar
3.5000000010601271 
3.5000000010601271 
3.5000000010601271 
3.5000000010601271 
3.5000000010601271 
3.5000000019987740 
3.4999999963105730 
3.4999999956334920 
3.5000000208178461 
3.4999999494514111 
3.4999998084201720 
3.4999999482317139 
3.5000015322162694 
3.5000048950944032 
3.5000065474280180 
3.5000043531850653 
3.5000020837728032 
3.5000014759588916 
3.5000025285162875 
3.5000061630441315 
3.5000153842388109 
3.5000348500230425 
3.5000664089115006 
3.5001252899523858 
3.5002076520588195 
3.4999458093158644 
3.4965567332035268 
3.4946374852727318 
3.4996779446726878 
3.5055260250938938 
3.5047348499456592 
3.5033182162166709 
3.5036298692508230 
3.5042052063193405 
3.5046141153558361 
3.5047075049017415 
3.5046370032682654 
3.5045468877941768 
3.5045593055338844 
3.5047790304252113 
3.5052140829002552 
3.5058511468982938 
3.5066538439594828 
3.5074948844701783 
3.5082214385204877 
3.5087668397362664 
3.5091217527453442 
3.5093024821321772 
3.5093741660096436 
3.5093889635314905 
3.5093358469391993 
3.5090636587914834 
3.5084629274690284 
3.5074271559180921 
3.5057471498292774 
3.5031641222588941 
3.4993676775236060 
3.4939946146554330 
3.4866408343777238 
3.4768868927645449 
3.4643378203048618 
3.4486770006919691 
3.4297375774369305 
3.4076033659136793 
3.3827207176058129 
3.3558937854282838 
3.3280525700159260 
3.2999612309195681 
3.2721028889017130 
3.2447300468560609 
3.2179548438685783 
3.1918157108249852 
3.1663151943251595 
3.1414392586500339 
3.1171667340378262 
3.0934738695833159 
3.0703365063038266 
3.0477310923847489 
3.0256351288008605 
3.0040273326282705 
2.9828876613492739 
2.9621972680261739 
2.9419384177901411 
2.9220943777233774 
2.9026492892359910 
2.8835880378996683 
2.8648961420263368 
2.8465596812507603 
2.8285652784829312 
2.8109001379357532 
2.7935521373493506 
2.7765099804075355 
2.7597634682867120 
2.7433040067744203 
2.7271255840445114 
2.7112266418007498 
2.6956135144511530 
2.6803064212062173 
2.6653491363916082 
2.6508228429561154 
2.6368621140657789 
2.6236652328979737 
2.6114859389892597 
2.6005951300736210 
2.5912197701397983 
2.5834853134262907 
2.5773871705385218 
2.5727973788667464 
2.5695000510626094 
2.5672417063064725 
2.5657678635631265 
2.5648417325433637 
2.5643034712174115 
2.5640625567620283 
2.5641244268055812 
2.5644072547137133 
2.5647313867812032 
2.5649411617151623 
2.5649705505460871 
2.5648435188433383 
2.5646494215834172 
2.5644934976342348 
2.5644428413586291 
2.5645099767320776 
2.5646568731888353 
2.5648204490598880 
2.5649441359657463 
2.5650000094964129 
2.5649936605205506 
2.5649552591733418 
2.5649221140755194 
2.5649225415794770 
2.5649668684080389 
2.5650476809678744 
2.5651471837777482 
2.5652472219719273 
2.5653373476527430 
2.5654179534483368 
2.5654980331317905 
2.5655894013100315 
2.5657004443200586 
2.5658324751578765 
2.5659804185955823 
2.5661372380536189 
2.5662996730199019 
2.5664722058141680 
2.5666665703821385 
2.5668965105564530 
2.5671716955032364 
2.5674936550626573 
2.5678516316636713 
2.5682216294316715 
2.5685786660683410 
2.5689132599862359 
2.5692343379754665 
2.5695636176882179 
2.5699283801617843 
2.5703546400297141 
2.5708657392489997 
2.5714866511980343 
2.5722488235344723 
2.5731951914322582 
2.5743886466601404 
2.5759269482921847 
2.5779663770766135 
2.5807574963095412 
2.5847041164382309 
2.5904501269191669 
2.5989882609183463 
2.6118109213967129 
2.6311503109330738 
2.6603375938730469 
2.7043694396788460 
2.7708958196142564 
2.8720462358046572 
3.0266667078911951 
3.2470114014025229 
3.4951006514243677 
3.7187186861846557 
3.8998716703774092 
4.0350232260634975 
4.1283653748954521 
4.1883207574042993 
4.2241084455069871 
4.2437167477992199 
4.2534168891113264 
4.2571187678941724 
4.2568932261133829 
4.2547042591259503 
4.2505199231654931 
4.2439629140609938 
4.2365434956379522 
4.2311510856783148 
4.2278461484124383 
4.2259453893004162 
4.2249065682294420 
4.2244505895925908 
4.2243352502781359 
4.2242844099616077 
4.2241510237421975 
4.2238099373643934 
4.2232008075399259 
4.2223493883372081 
4.2213242822157619 
4.2202073161294722 
4.2190718816464639 
4.2179615777749691 
4.2168250315596643 
4.2153462362738674 
4.2131187990460566 
4.2097124614369754 
4.2040015355240072 
4.1935928038970527 
4.1739985764334682 
4.1367498490887948 
4.0651460738355194 
3.9222877486937526 
3.6558631246755908 
3.3957714963885732 
3.2092434055655317 
3.1086654441787456 
3.0638034883884067 
3.0451100803458302 
3.0371166925850104 
3.0335711754339667 
3.0334275164205291 
3.0355027852895748 
3.0376220865130836 
3.0385454679741564 
3.0364575638617564 
3.0316132637361219 
3.0267638205693554 
3.0244564510276430 
3.0356047863882911 
3.0421828934994668 
2.9967023459165567 
2.9573986135922556 
2.9765649114362360 
3.0003923964546257 
3.0018488884611831 
3.0010253999186265 
3.0005311409537243 
3.0002667766428233 
3.0001146571806516 
3.0000453551026092 
3.0000184253963202 
3.0000107336349440 
3.0000154179331942 
3.0000330071642969 
3.0000501922458640 
3.0000371977308942 
3.0000113275943514 
2.9999995513282878 
2.9999986642363221 
2.9999996891524963 
3.0000001350153500 
2.9999999935385633 
2.9999999866726261 
3.0000000120990453 
3.0000000015191506 
3.0000000015191506 
3.0000000015191506 
3.0000000015191506 
3.0000000015191506 
1.0000000000000000 
1.0000000000000000 
1.0000000000000000 
1.0000000000000000 
1.0000000000000000 
1.0000000000000000 
1.0000000000000000 
1.0000000000000000 
1.0000000000000000 
1.0000000000000002 
1.0000000000000029 
1.0000000000000002 
1.0000000000001148 
1.0000000000009677 
1.0000000000015812 
1.0000000000007121 
1.0000000000001668 
1.0000000000000790 
1.0000000000002212 
1.0000000000013207 
1.0000000000082250 
1.0000000000461189 
1.0000000002166647 
1.0000000007216785 
1.0000000007269638 
1.0000000086752769 
1.0000004600650687 
1.0000008427371159 
1.0000000238197151 
1.0000011127289035 
1.0000008146381538 
1.0000004848762190 
1.0000005737037418 
1.0000007777130200 
1.0000009188537968 
1.0000009514483705 
1.0000009184424026 
1.0000008866523160 
1.0000009114458654 
1.0000010308141893 
1.0000012778362375 
1.0000016935143579 
1.0000023168549712 
1.0000030977275587 
1.0000038617684219 
1.0000044659936600 
1.0000048686455849 
1.0000050989399352 
1.0000052136535469 
1.0000052324078470 
1.0000051196644182 
1.0000047511834673 
1.0000040104536718 
1.0000028676962465 
1.0000014279419465 
1.0000001871253175 
1.0000004701025924 
1.0000051446058620 
1.0000196856977719 
1.0000535841651801 
1.0001219278162528 
1.0002467218231139 
1.0004571100529722 
1.0007869994617022 
1.0012683998083625 
1.0019220684453591 
1.0027527169758141 
1.0037530406048063 
1.0049111400078115 
1.0062152667868989 
1.0076553447257726 
1.0092229736294291 
1.0109110620846842 
1.0127134873957746 
1.0146248533791593 
1.0166403275387781 
1.0187555297000621 
1.0209664526785531 
1.0232694042303654 
1.0256609647331383 
1.0281379570043998 
1.0306974247242744 
1.0333366156604933 
1.0360529664142923 
1.0388440869765798 
1.0417077453602996 
1.0446418538977793 
1.0476444586643554 
1.0507137317873669 
1.0538479636201223 
1.0570455485134851 
1.0603049536712801 
1.0636246546896060 
1.0670030006720752 
1.0704379505107364 
1.0739265665821742 
1.0774640636897492 
1.0810421033424302 
1.0846459328326656 
1.0882500751598356 
1.0918129427233751 
1.0952723780245759 
1.0985461280110584 
1.1015413441878092 
1.1041725466596113 
1.1063811132743533 
1.1081475353010288 
1.1094922726417316 
1.1104670014950289 
1.1111406868868692 
1.1115856990875375 
1.1118667722750089 
1.1120333926840424 
1.1121119768748782 
1.1121005985650092 
1.1120238265351381 
1.1119348461115843 
1.1118799997995459 
1.1118790677779096 
1.1119247631958811 
1.1119902481908801 
1.1120439731135341 
1.1120657596896637 
1.1120517865636412 
1.1120134852027983 
1.1119699968649752 
1.1119387668598451 
1.1119288773493461 
1.1119393695969295 
1.1119617857879087 
1.1119851468707418 
1.1120007533652783 
1.1120050086395934 
1.1119996374713366 
1.1119897973683150 
1.1119812466994787 
1.1119778560986466 
1.1119803596621800 
1.1119865915399136 
1.1119928387899416 
1.1119955900714189 
1.1119929417833765 
1.1119851762351725 
1.1119744178589874 
1.1119636415626888 
1.1119555077949457 
1.1119514836088635 
1.1119515041226589 
1.1119541965300244 
1.1119575112251734 
1.1119594537812181 
1.1119586392126890 
1.1119546419273940 
1.1119479891755100 
1.1119397605211274 
1.1119312453798780 
1.1119236667293282 
1.1119179455183290 
1.1119146151532824 
1.1119138239775184 
1.1119153347102075 
1.1119185756423666 
1.1119227595830183 
1.1119270788642364 
1.1119308603501437 
1.1119333539606113 
1.1119334999628223 
1.1119306697560563 
1.1119261659693664 
1.1119227500283817 
1.1119215721736428 
1.1119218670381998 
1.1119226456737101 
1.1119232615085761 
1.1119234518426628 
1.1119225128219250 
1.1119135505213564 
1.1119172605039427 
1.1119461599095841 
1.1119565640737346 
1.1119307638330365 
1.1118956907342161 
1.1118837694796364 
1.1119008751956896 
1.1119269331187438 
1.1119517699413242 
1.1119620658020151 
1.1119714113310570 
1.1119713547299697 
1.1119622070852389 
1.1119447670860834 
1.1119283238910549 
1.1119161407482592 
1.1119110654891562 
1.1119142978694005 
1.1119283475946020 
1.1119520776418323 
1.1119773815043437 
1.1119962975804565 
1.1120072293770389 
1.1120095229063485 
1.1120031595986837 
1.1119895427952580 
1.1119698565455376 
1.1119436633849051 
1.1119081511177835 
1.1118557860032283 
1.1117707374536805 
1.1116212418474867 
1.1113515076305105 
1.1108566300187293 
1.1099384548244910 
1.1082378721980632 
1.1051020324918057 
1.0993443492360178 
1.0888150086564652 
1.0696558212114322 
1.0386328052091196 
1.0140074115650677 
1.0039896774921468 
1.0010507150765426 
1.0003252756871028 
1.0001407587828948 
1.0000854820332186 
1.0000672521406708 
1.0000654536306550 
1.0000730604368202 
1.0000835719862760 
1.0000882670995217 
1.0000805249908298 
1.0000616634252069 
1.0000423245704841 
1.0000357450944417 
1.0000619955954160 
1.0000860345787981 
1.0000013210722465 
1.0000742192067922 
1.0000325489838959 
1.0000003177748205 
1.0000001017916560 
1.0000000661939985 
1.0000000179092101 
1.0000000036263137 
1.0000000006271887 
1.0000000000985034 
1.0000000000161737 
1.0000000000057332 
1.0000000000125626 
1.0000000000559630 
1.0000000001263440 
1.0000000000762259 
1.0000000000085874 
1.0000000000000153 
1.0000000000001892 
1.0000000000000122 
1.0000000000000009 
1.0000000000000007 
1.0000000000000000 
1.0000000000000000 
1.0000000000000000 
1.0000000000000000 
1.0000000000000000 
1.0000000000000000 
1.0000000000000000 
1.5000000006360761 
1.5000000006360761 
1.5000000006360761 
1.5000000006360761 
1.5000000006360761 
1.5000000011992642 
1.4999999977863439 
1.4999999973800950 
1.5000000124907076 
1.4999999696708466 
1.4999998850521032 
1.4999999689390282 
1.5000009193297617 
1.5000029370566419 
1.5000039284568107 
1.5000026119110390 
1.5000012502636819 
1.5000008855753348 
1.5000015171097725 
1.5000036978264788 
1.5000092305432864 
1.5000209100138253 
1.5000398453469002 
1.5000751739714313 
1.5001245912352916 
1.4999674855895186 
1.4979340399221159 
1.4967824911636389 
1.4998067668036126 
1.5033156150563363 
1.5028409099673954 
1.5019909297300025 
1.5021779215504938 
1.5025231237916041 
1.5027684692135015 
1.5028245029410447 
1.5027822019609591 
1.5027281326765061 
1.5027355833203306 
1.5028674182551267 
1.5031284497401529 
1.5035106881389761 
1.5039923063756895 
1.5044969306821070 
1.5049328631122925 
1.5052601038417597 
1.5054730516472064 
1.5055814892793062 
1.5056244996057861 
1.5056333781188942 
1.5056015081635195 
1.5054381952748899 
1.5050777564814171 
1.5044562935508552 
1.5034482898975663 
1.5018984733553364 
1.4996206065141635 
1.4963967687932598 
1.4919845006266341 
1.4861321356587269 
1.4786026921829170 
1.4692062004151814 
1.4578425464621583 
1.4445620195482076 
1.4296324305634878 
1.4135362712569701 
1.3968315420095556 
1.3799767385517407 
1.3632617333410277 
1.3468380281136365 
1.3307729063211469 
1.3150894264949911 
1.2997891165950957 
1.2848635551900203 
1.2703000404226956 
1.2560843217499895 
1.2422019037822960 
1.2286386554308493 
1.2153810772805163 
1.2024163995769623 
1.1897325968095642 
1.1773183608157043 
1.1651630506740847 
1.1532566266340265 
1.1415895735415946 
1.1301528227398010 
1.1189376852158019 
1.1079358087504561 
1.0971391670897586 
1.0865400827614520 
1.0761312824096103 
1.0659059882445212 
1.0558580809720273 
1.0459824040646521 
1.0362753504267068 
1.0267359850804498 
1.0173681086706918 
1.0081838527237303 
0.9992094818349648 
0.9904937057736691 
0.9821172684394672 
0.9741991397387841 
0.9668915633935558 
0.9603570780441726 
0.9547318620838789 
0.9500911880557744 
0.9464323023231130 
0.9436784273200478 
0.9417000306375656 
0.9403450237838835 
0.9394607181378758 
0.9389050395260181 
0.9385820827304469 
0.9384375340572170 
0.9384746560833487 
0.9386443528282280 
0.9388388320687219 
0.9389646970290974 
0.9389823303276522 
0.9389061113060029 
0.9387896529500503 
0.9386960985805408 
0.9386657048151774 
0.9387059860392465 
0.9387941239133011 
0.9388922694359327 
0.9389664815794477 
0.9390000056978477 
0.9389961963123303 
0.9389731555040051 
0.9389532684453116 
0.9389535249476861 
0.9389801210448233 
0.9390286085807246 
0.9390883102666489 
0.9391483331831564 
0.9392024085916457 
0.9392507720690020 
0.9392988198790743 
0.9393536407860189 
0.9394202665920351 
0.9394994850947258 
0.9395882511573493 
0.9396823428321713 
0.9397798038119412 
0.9398833234885008 
0.9399999422292831 
0.9401379063338717 
0.9403030173019418 
0.9404961930375944 
0.9407109789982027 
0.9409329776590029 
0.9411471996410046 
0.9413479559917415 
0.9415406027852798 
0.9417381706129307 
0.9419570280970705 
0.9422127840178285 
0.9425194435493998 
0.9428919907188206 
0.9433492941206834 
0.9439171148593548 
0.9446331879960842 
0.9455561689753108 
0.9467798262459680 
0.9484544977857247 
0.9508224698629385 
0.9542700761515001 
0.9593929565510078 
0.9670865528380277 
0.9786901865598443 
0.9962025563238281 
1.0226216638073076 
1.0625374917685537 
1.1232277414827943 
1.2160000247347169 
1.3482068408415138 
1.4970603908546205 
1.6312312117107934 
1.7399230022264454 
1.8210139356380983 
1.8770192249372712 
1.9129924544425796 
1.9344650673041921 
1.9462300486795319 
1.9520501334667957 
1.9542712607365034 
1.9541359356680297 
1.9528225554755700 
1.9503119538992957 
1.9463777484365963 
1.9419260973827712 
1.9386906514069888 
1.9367076890474628 
1.9355672335802496 
1.9349439409376652 
1.9346703537555543 
1.9346011501668814 
1.9345706459769645 
1.9344906142453184 
1.9342859624186359 
1.9339204845239555 
1.9334096330023247 
1.9327945693294570 
1.9321243896776832 
1.9314431289878782 
1.9307769466649813 
1.9300950189357984 
1.9292077417643203 
1.9278712794276338 
1.9258274768621853 
1.9224009213144042 
1.9161556823382315 
1.9043991458600809 
1.8820499094532768 
1.8390876443013116 
1.7533726492162516 
1.5935178748053545 
1.4374628978331438 
1.3255460433393189 
1.2651992665072473 
1.2382820930330440 
1.2270660482074980 
1.2222700155510062 
1.2201427052603799 
1.2200565098523175 
1.2213016711737448 
1.2225732519078500 
1.2231272807844937 
1.2218745383170537 
1.2189679582416730 
1.2160582923416132 
1.2146738706165858 
1.2213628718329745 
1.2253097360996801 
1.1980214075499340 
1.1744391681553534 
1.1859389468617416 
1.2002354378727753 
1.2011093330767098 
1.2006152399511758 
1.2003186845722345 
1.2001600659856939 
1.2000687943083910 
1.2000272130615655 
1.2000110552377921 
1.2000064401809662 
1.2000092507599165 
1.2000198042985781 
1.2000301153475184 
1.2000223186385364 
1.2000067965566108 
1.1999997307969725 
1.1999991985417933 
1.1999998134914978 
1.2000000810092100 
1.1999999961231380 
1.1999999920035755 
1.2000000072594272 
1.2000000009114904 
1.2000000009114904 
1.2000000009114904 
1.2000000009114904 
1.2000000009114904 
0.6900655593841575 
0.6900655593841575 
0.6900655593841575 
0.6900655593841575 
0.6900655593841575 
0.6900655594211705 
0.6900655591968716 
0.6900655591701728 
0.6900655601632502 
0.6900655573491062 
0.6900655517879172 
0.6900655573010107 
0.6900656197611639 
0.6900657523669749 
0.6900658175220845 
0.6900657309982958 
0.6900656415102916 
0.6900656175428072 
0.6900656590475325 
0.6900658023649976 
0.6900661659756132 
0.6900669335444825 
0.6900681779449953 
0.6900704996210260 
0.6900737470099599 
0.6900634224416879 
0.6899296362590491 
0.6898537459709423 
0.6900528586688481 
0.6902830855359798 
0.6902519880292426 
0.6901962679876461 
0.6902085303976389 
0.6902311615103898 
0.6902472411420552 
0.6902509129435137 
0.6902481410471651 
0.6902445978194107 
0.6902450860813133 
0.6902537249705736 
0.6902708263467614 
0.6902958601245933 
0.6903273883017361 
0.6903604055007374 
0.6903889142252114 
0.6904103062947320 
0.6904242229886028 
0.6904313084809246 
0.6904341186237610 
0.6904346986987329 
0.6904326164598249 
0.6904219452457449 
0.6903983869588833 
0.6903577472876550 
0.6902917741863419 
0.6901902040659500 
0.6900406204454778 
0.6898283052777366 
0.6895365553286578 
0.6891474865614716 
0.6886433754501363 
0.6880085909512873 
0.6872323737228542 
0.6863131529974656 
0.6852639248279877 
0.6841134363905087 
0.6828977362056817 
0.6816480699331534 
0.6803852527432427 
0.6791209766999181 
0.6778611556293624 
0.6766085542972666 
0.6753643325651405 
0.6741288555859491 
0.6729021017783239 
0.6716838662771104 
0.6704738627913390 
0.6692717748767454 
0.6680772815955328 
0.6668900699797230 
0.6657098406218969 
0.6645363095253571 
0.6633692075478436 
0.6622082779041202 
0.6610532720989144 
0.6599039450813843 
0.6587600509088766 
0.6576213403595847 
0.6564875615883620 
0.6553584643341376 
0.6542338079124422 
0.6531133737394100 
0.6519969867374245 
0.6508845543274622 
0.6497761407727968 
0.6486721095237473 
0.6475733872370578 
0.6464819304265833 
0.6454014929839952 
0.6443387542955455 
0.6433046767852636 
0.6423155054452858 
0.6413923633901256 
0.6405584190017511 
0.6398340220805878 
0.6392318294945998 
0.6387540861890271 
0.6383927798131469 
0.6381322920650477 
0.6379534359715539 
0.6378365138758518 
0.6377629628208613 
0.6377201871134516 
0.6377010348580584 
0.6377059538108851 
0.6377284364239738 
0.6377541953236497 
0.6377708621935563 
0.6377731969188949 
0.6377631047437196 
0.6377476822312982 
0.6377352909192989 
0.6377312648773485 
0.6377366005995715 
0.6377482743683387 
0.6377612718146691 
0.6377710984785979 
0.6377755371524317 
0.6377750327919294 
0.6377719821401262 
0.6377693489662699 
0.6377693829293284 
0.6377729044036499 
0.6377793240655601 
0.6377872278162303 
0.6377951733769432 
0.6378023310182159 
0.6378087321109518 
0.6378150909619931 
0.6378223456311517 
0.6378311616830256 
0.6378416428725953 
0.6378533857884360 
0.6378658315184342 
0.6378787210547209 
0.6378924098015901 
0.6379078281246067 
0.6379260650511255 
0.6379478854340838 
0.6379734078560896 
0.6380017767136595 
0.6380310885858820 
0.6380593643723825 
0.6380858545197271 
0.6381112670761854 
0.6381373211325437 
0.6381661737049612 
0.6381998786694127 
0.6382402749198391 
0.6382893255055846 
0.6383494978071997 
0.6384241545641574 
0.6385182127792368 
0.6386392999481689 
0.6387995751622798 
0.6390184489099978 
0.6393270005120619 
0.6397742853218653 
0.6404346917409066 
0.6414171248931950 
0.6428779535886550 
0.6450363590390312 
0.6481913481188041 
0.6527408281203346 
0.6591996107937377 
0.6681334840330535 
0.6792272509431078 
0.6898720687331891 
0.6981356948395889 
0.7040744781269292 
0.7081289675144162 
0.7107617405724351 
0.7123860503363854 
0.7133319253775204 
0.7138428891546212 
0.7140937850257159 
0.7141892101976940 
0.7141834014072646 
0.7141269904821894 
0.7140189836437708 
0.7138492715650391 
0.7136565557014239 
0.7135160335001853 
0.7134297183978204 
0.7133800103503130 
0.7133528230649554 
0.7133408849667571 
0.7133378647973636 
0.7133365334830810 
0.7133330404418033 
0.7133241071875484 
0.7133081498487466 
0.7132858369551951 
0.7132589594304229 
0.7132296573864554 
0.7131998537131287 
0.7131706929631952 
0.7131408258497941 
0.7131019388434665 
0.7130433097069364 
0.7129535209969550 
0.7128026329930337 
0.7125264847589579 
0.7120026105628819 
0.7109919498502489 
0.7089928911908684 
0.7047679297875616 
0.6959247006125935 
0.6858163553718782 
0.6774462224148710 
0.6724673734144135 
0.6701284998559348 
0.6691311017136905 
0.6687004028484866 
0.6685085477306179 
0.6685007634339719 
0.6686131334523890 
0.6687277097920266 
0.6687775746864586 
0.6686647741241398 
0.6684023851713180 
0.6681387727044847 
0.6680130122116600 
0.6686186520793086 
0.6689736741595035 
0.6664832368255014 
0.6642614913357038 
0.6653531728457669 
0.6666884632623672 
0.6667693115258109 
0.6667236114322324 
0.6666961686213074 
0.6666814861087145 
0.6666730362361676 
0.6666691863517342 
0.6666676902927229 
0.6666672629773189 
0.6666675232135585 
0.6666685003753194 
0.6666694550722866 
0.6666687331784459 
0.6666672959747908 
0.6666666417404562 
0.6666665924575363 
0.6666666493973590 
0.6666666741675191 
0.6666666663076980 
0.6666666659262570 
0.6666666673388358 
0.6666666667510639 
0.6666666667510639 
0.6666666667510639 
0.6666666667510639 
0.6666666667510639 
0.0000000000000000 
0.0000000000000000 
0.0000000000000000 
0.0000000000000000 
0.0000000000000000 
0.0000000000000000 
0.0000000000000000 
0.0000000000000000 
0.0000000000000000 
0.0000000000000000 
0.0000000000000000 
0.0000000000000000 
0.0000000000000000 
0.0000000000000000 
0.0000000000000000 
0.0000000000000000 
0.0000000000000000 
0.0000000000000000 
0.0000000000000000 
0.0000000000000000 
0.0000000000000000 
0.0000000000000000 
0.0000000000000000 
0.0000000000000000 
0.0000000000000000 
0.0000000000000000 
0.0000000000000000 
0.0000000000000000 
0.0000000000000000 
0.0000000000000000 
0.0000000000000000 
0.0000000000000000 
0.0000000000000000 
0.0000000000000000 
0.0000000000000000 
0.0000000000000000 
0.0000000000000000 
0.0000000000000000 
0.0000000000000000 
0.0000000000000000 
0.0000000000000000 
0.0000000000000000 
0.0000000000000000 
0.0000000000000000 
0.0000000000000000 
0.0000000000000000 
0.0000000000000000 
0.0000000000000000 
0.0000000000000000 
0.0000000000000000 
0.0000000000000000 
0.0000000000000000 
0.0000000000000000 
0.0000000000000000 
0.0000000000000000 
0.0000000000000000 
0.0000000000000000 
0.0000000000000000 
0.0000000000000000 
0.0000000000000000 
0.0000000000000000 
0.0000000000000000 
0.0000000000000000 
0.0000000000000000 
0.0000000000000000 
0.0000000000000000 
0.0000000000000000 
0.0000000000000000 
0.0000000000000000 
0.0000000000000000 
0.0000000000000000 
0.0000000000000000 
0.0000000000000000 
0.0000000000000000 
0.0000000000000000 
0.0000000000000000 
0.0000000000000000 
0.0000000000000000 
0.0000000000000000 
0.0000000000000000 
0.0000000000000000 
0.0000000000000000 
0.0000000000000000 
0.0000000000000000 
0.0000000000000000 
0.0000000000000000 
0.0000000000000000 
0.0000000000000000 
0.0000000000000000 
0.0000000000000000 
0.0000000000000000 
0.0000000000000000 
0.0000000000000000 
0.0000000000000000 
0.0000000000000000 
0.0000000000000000 
0.0000000000000000 
0.0000000000000000 
0.0000000000000000 
0.0000000000000000 
0.0000000000000000 
0.0000000000000000 
0.0000000000000000 
0.0000000000000000 
0.0000000000000000 
0.0000000000000000 
0.0000000000000000 
0.0000000000000000 
0.0000000000000000 
0.0000000000000000 
0.0000000000000000 
0.0000000000000000 
0.0000000000000000 
0.0000000000000000 
0.0000000000000000 
0.0000000000000000 
0.0000000000000000 
0.0000000000000000 
0.0000000000000000 
0.0000000000000000 
0.0000000000000000 
0.0000000000000000 
0.0000000000000000 
0.0000000000000000 
0.0000000000000000 
0.0000000000000000 
0.0000000000000000 
0.0000000000000000 
0.0000000000000000 
0.0000000000000000 
0.0000000000000000 
0.0000000000000000 
0.0000000000000000 
0.0000000000000000 
0.0000000000000000 
0.0000000000000000 
0.0000000000000000 
0.0000000000000000 
0.0000000000000000 
0.0000000000000000 
0.0000000000000000 
0.0000000000000000 
0.0000000000000000 
0.0000000000000000 
0.0000000000000000 
0.0000000000000000 
0.0000000000000000 
0.0000000000000000 
0.0000000000000000 
0.0000000000000000 
0.0000000000000000 
0.0000000000000000 
0.0000000000000000 
0.0000000000000000 
0.0000000000000000 
0.0000000000000000 
0.0000000000000000 
0.0000000000000000 
0.0000000000000000 
0.0000000000000000 
0.0000000000000000 
0.0000000000000000 
0.0000000000000000 
0.0000000000000000 
0.0000000000000000 
0.0000000000000000 
0.0000000000000000 
0.0000000000000000 
0.0000000000000000 
0.0000000000000000 
0.0000000000000000 
0.0000000000000000 
0.0000000000000000 
0.0000000000000000 
0.0000000000000000 
0.0000000000000000 
0.0000000000000000 
0.0000000000000000 
0.0000000000000000 
0.0000000000000000 
0.0000000000000000 
0.0000000000000000 
0.0000000000000000 
0.0000000000000000 
0.0000000000000000 
0.0000000000000000 
0.0000000000000000 
0.0000000000000000 
0.0000000000000000 
0.0000000000000000 
0.0000000000000000 
0.0000000000000000 
0.0000000000000000 
0.0000000000000000 
0.0000000000000000 
0.0000000000000000 
0.0000000000000000 
0.0000000000000000 
0.0000000000000000 
0.0000000000000000 
0.0000000000000000 
0.0000000000000000 
0.0000000000000000 
0.0000000000000000 
0.0000000000000000 
0.0000000000000000 
0.0000000000000000 
0.0000000000000000 
0.0000000000000000 
0.0000000000000000 
0.0000000000000000 
0.0000000000000000 
0.0000000000000000 
0.0000000000000000 
0.0000000000000000 
0.0000000000000000 
0.0000000000000000 
0.0000000000000000 
0.0000000000000000 
0.0000000000000000 
0.0000000000000000 
0.0000000000000000 
0.0000000000000000 
0.0000000000000000 
0.0000000000000000 
0.0000000000000000 
0.0000000000000000 
0.0000000000000000 
0.0000000000000000 
0.0000000000000000 
0.0000000000000000 
0.0000000000000000 
0.0000000000000000 
0.0000000000000000 
0.0000000000000000 
0.0000000000000000 
0.0000000000000000 
0.0000000000000000 
0.0000000000000000 
0.0000000000000000 
0.0000000000000000 
0.0000000000000000 
0.0000000000000000 
0.0000000000000000 
0.0000000000000000 
0.0000000000000000 
0.0000000000000000 
0.0000000000000000 
0.0000000000000000 
0.0000000000000000 
0.0000000000000000 
0.0000000000000000 
0.0000000000000000 
0.0000000000000000 
0.0000000000000000 
0.0000000000000000 
0.0000000000000000 
0.0000000000000000 
0.0000000000000000 
0.0000000000000000 
0.0000000000000000 
0.0000000000000000 
0.0000000000000000 
0.0000000000000000 
0.0000000000000000 
0.0000000000000000 
0.0000000000000000 
0.0000000000000000 
0.0000000000000000 
0.0000000000000000 
0.0000000000000000 
0.0000000000000000 
0.0000000000000000 
0.0000000000000000 
0.0000000000000000 
0.0000000000000000 
0.0000000000000000 
0.0000000000000000 
0.0000000000000000 
0.0000000000000000 
0.0000000000000000 
0.0000000000000000 
0.0000000000000000 
0.0000000000000000 
0.0000000000000000 
0.0000000000000000 
0.0000000000000000 
0.0000000000000000 
0.0000000000000000 
0.0000000000000000 
0.0000000000000000 
0.0000000000000000 
0.0000000000000000 
0.0000000000000000 
0.0000000000000000 
0.0000000000000000 
0.0000000000000000 
0.0000000000000000 
0.0000000000000000 
0.0000000000000000 
0.0000000000000000 
0.0000000000000000 
0.0000000000000000 
0.0000000000000000 
0.0000000000000000 
0.0000000000000000 
0.0000000000000000 
0.0000000000000000 
0.0000000000000000 
0.0000000000000000 
0.0000000000000000 
0.0000000000000000 
0.0000000000000000 
0.0000000000000000 
0.0000000000000000 
0.0000000000000000 
0.0000000000000000 
0.0000000000000000 
0.0000000000000000 
0.0000000000000000 
0.0000000000000000 
0.0000000000000000 
0.0000000000000000 
0.0000000000000000 
0.0000000000000000 
0.0000000000000000 
0.0000000000000000 
0.0000000000000000 
0.0000000000000000 
0.0000000000000000 
0.0000000000000000 
0.0000000000000000 
0.0000000000000000 
0.0000000000000000 
0.0000000000000000 
0.0000000000000000 
0.0000000000000000 
0.0000000000000000 
0.0000000000000000 
0.0000000000000000 
0.0000000000000000 
0.0000000000000000 
0.0000000000000000 
0.0000000000000000 
0.0000000000000000 
0.0000000000000000 
0.0000000000000000 
0.0000000000000000 
0.0000000000000000 
0.0000000000000000 
0.0000000000000000 
0.0000000000000000 
0.0000000000000000 
0.0000000000000000 
0.0000000000000000 
0.0000000000000000 
0.0000000000000000 
0.0000000000000000 
0.0000000000000000 
0.0000000000000000 
0.0000000000000000 
0.0000000000000000 
0.0000000000000000 
0.0000000000000000 
0.0000000000000000 
0.0000000000000000 
0.0000000000000000 
0.0000000000000000 
0.0000000000000000 
0.0000000000000000 
0.0000000000000000 
0.0000000000000000 
0.0000000000000000 
0.0000000000000000 
0.0000000000000000 
0.0000000000000000 
0.0000000000000000 
0.0000000000000000 
0.0000000000000000 
0.0000000000000000 
0.0000000000000000 
0.0000000000000000 
0.0000000000000000 
0.0000000000000000 
0.0000000000000000 
0.0000000000000000 
0.0000000000000000 
0.0000000000000000 
0.0000000000000000 
0.0000000000000000 
0.0000000000000000 
0.0000000000000000 
0.0000000000000000 
0.0000000000000000 
0.0000000000000000 
0.0000000000000000 
0.0000000000000000 
0.0000000000000000 
0.0000000000000000 
0.0000000000000000 
0.0000000000000000 
0.0000000000000000 
0.0000000000000000 
0.0000000000000000 
0.0000000000000000 
0.0000000000000000 
0.0000000000000000 
0.0000000000000000 
0.0000000000000000 
0.0000000000000000 
0.0000000000000000 
0.0000000000000000 
0.0000000000000000 
0.0000000000000000 
0.0000000000000000 
0.0000000000000000 
0.0000000000000000 
0.0000000000000000 
0.0000000000000000 
0.0000000000000000 
0.0000000000000000 
0.0000000000000000 
0.0000000000000000 
0.0000000000000000 
0.0000000000000000 
0.0000000000000000 
0.0000000000000000 
0.0000000000000000 
0.0000000000000000 
0.0000000000000000 
0.0000000000000000 
0.0000000000000000 
0.0000000000000000 
0.0000000000000000 
0.0000000000000000 
0.0000000000000000 
0.0000000000000000 
0.0000000000000000 
0.0000000000000000 
0.0000000000000000 
0.0000000000000000 
0.0000000000000000 
0.0000000000000000 
0.0000000000000000 
0.0000000000000000 
0.0000000000000000 
0.0000000000000000 
0.0000000000000000 
0.0000000000000000 
0.0000000000000000 
0.0000000000000000 
0.0000000000000000 
0.0000000000000000 
0.0000000000000000 
0.0000000000000000 
0.0000000000000000 
0.0000000000000000 
0.0000000000000000 
0.0000000000000000 
0.0000000000000000 
0.0000000000000000 
0.0000000000000000 
0.0000000000000000 
0.0000000000000000 
0.0000000000000000 
0.0000000000000000 
0.0000000000000000 
0.0000000000000000 
0.0000000000000000 
0.0000000000000000 
0.0000000000000000 
0.0000000000000000 
0.0000000000000000 
0.0000000000000000 
0.0000000000000000 
0.0000000000000000 
0.0000000000000000 
0.0000000000000000 
0.0000000000000000 
0.0000000000000000 
0.0000000000000000 
0.0000000000000000 
0.0000000000000000 
0.0000000000000000 
0.0000000000000000 
0.0000000000000000 
0.0000000000000000 
0.0000000000000000 
0.0000000000000000 
0.0000000000000000 
0.0000000000000000 
0.0000000000000000 
0.0000000000000000 
0.0000000000000000 
0.0000000000000000 
0.0000000000000000 
0.0000000000000000 
0.0000000000000000 
0.0000000000000000 
0.0000000000000000 
0.0000000000000000 
0.0000000000000000 
0.0000000000000000 
0.0000000000000000 
0.0000000000000000 
0.0000000000000000 
0.0000000000000000 
0.0000000000000000 
0.0000000000000000 
0.0000000000000000 
0.0000000000000000 
0.0000000000000000 
0.0000000000000000 
0.0000000000000000 
0.0000000000000000 
0.0000000000000000 
0.0000000000000000 
0.0000000000000000 
0.0000000000000000 
0.0000000000000000 
0.0000000000000000 
0.0000000000000000 
0.0000000000000000 
0.0000000000000000 
0.0000000000000000 
0.0000000000000000 
0.0000000000000000 
0.0000000000000000 
0.0000000000000000 
0.0000000000000000 
0.0000000000000000 
0.0000000000000000 
0.0000000000000000 
0.0000000000000000 
0.0000000000000000 
0.0000000000000000 
0.0000000000000000 
0.0000000000000000 
0.0000000000000000 
0.0000000000000000 
0.0000000000000000 
0.0000000000000000 
0.0000000000000000 
0.0000000000000000 
0.0000000000000000 
0.0000000000000000 
0.0000000000000000 
0.0000000000000000 
0.0000000000000000 
0.0000000000000000 
0.0000000000000000 
0.0000000000000000 
0.0000000000000000 
0.0000000000000000 
0.0000000000000000 
0.0000000000000000 
0.0000000000000000 
0.0000000000000000 
0.0000000000000000 
0.0000000000000000 
0.0000000000000000 
0.0000000000000000 
0.0000000000000000 
0.0000000000000000 
0.0000000000000000 
0.0000000000000000 
0.0000000000000000 
0.0000000000000000 
0.0000000000000000 
0.0000000000000000 
0.0000000000000000 
0.0000000000000000 
0.0000000000000000 
0.0000000000000000 
0.0000000000000000 
0.0000000000000000 
0.0000000000000000 
0.0000000000000000 
0.0000000000000000 
0.0000000000000000 
0.0000000000000000 
0.0000000000000000 
0.0000000000000000 
0.0000000000000000 
0.0000000000000000 
0.0000000000000000 
0.0000000000000000 
0.0000000000000000 
0.0000000000000000 
0.0000000000000000 
0.0000000000000000 
0.0000000000000000 
0.0000000000000000 
0.0000000000000000 
0.0000000000000000 
0.0000000000000000 
0.0000000000000000 
0.0000000000000000 
0.0000000000000000 
0.0000000000000000 
0.0000000000000000 
0.0000000000000000 
0.0000000000000000 
0.0000000000000000 
0.0000000000000000 
0.0000000000000000 
0.0000000000000000 
0.0000000000000000 
0.0000000000000000 
0.0000000000000000 
0.0000000000000000 
0.0000000000000000 
0.0000000000000000 
0.0000000000000000 
0.0000000000000000 
0.0000000000000000 
0.0000000000000000 
0.0000000000000000 
0.0000000000000000 
0.0000000000000000 
0.0000000000000000 
0.0000000000000000 
0.0000000000000000 
0.0000000000000000 
0.0000000000000000 
0.0000000000000000 
0.0000000000000000 
0.0000000000000000 
0.0000000000000000 
0.0000000000000000 
0.0000000000000000 
0.0000000000000000 
0.0000000000000000 
0.0000000000000000 
0.0000000000000000 
0.0000000000000000 
0.0000000000000000 
0.0000000000000000 
0.0000000000000000 
0.0000000000000000 
0.0000000000000000 
0.0000000000000000 
0.0000000000000000 
0.0000000000000000 
0.0000000000000000 
0.0000000000000000 
0.0000000000000000 
0.0000000000000000 
0.0000000000000000 
0.0000000000000000 
0.0000000000000000 
0.0000000000000000 
0.0000000000000000 
0.0000000000000000 
0.0000000000000000 
0.0000000000000000 
0.0000000000000000 
0.0000000000000000 
0.0000000000000000 
0.0000000000000000 
0.0000000000000000 
0.0000000000000000 
0.0000000000000000 
0.0000000000000000 
0.0000000000000000 
0.0000000000000000 
0.0000000000000000 
0.0000000000000000 
0.0000000000000000 
0.0000000000000000 
0.0000000000000000 
0.0000000000000000 
0.0000000000000000 
0.0000000000000000 
0.0000000000000000 
0.0000000000000000 
0.0000000000000000 
0.0000000000000000 
0.0000000000000000 
0.0000000000000000 
0.0000000000000000 
0.0000000000000000 
0.0000000000000000 
0.0000000000000000 
0.0000000000000000 
0.0000000000000000 
0.0000000000000000 
0.0000000000000000 
0.0000000000000000 
0.0000000000000000 
0.0000000000000000 
0.0000000000000000 
0.0000000000000000 
0.0000000000000000 
0.0000000000000000 
0.0000000000000000 
0.0000000000000000 
0.0000000000000000 
0.0000000000000000 
0.0000000000000000 
0.0000000000000000 
0.0000000000000000 
0.0000000000000000 
0.0000000000000000 
0.0000000000000000 
0.0000000000000000 
0.0000000000000000 
0.0000000000000000 
0.0000000000000000 
0.0000000000000000 
0.0000000000000000 
0.0000000000000000 
0.0000000000000000 
0.0000000000000000 
0.0000000000000000 
0.0000000000000000 
0.0000000000000000 
0.0000000000000000 
0.0000000000000000 
0.0000000000000000 
0.0000000000000000 
0.0000000000000000 
0.0000000000000000 
0.0000000000000000 
0.0000000000000000 
0.0000000000000000 
0.0000000000000000 
0.0000000000000000 
0.0000000000000000 
0.0000000000000000 
0.0000000000000000 
0.0000000000000000 
0.0000000000000000 
0.0000000000000000 
0.0000000000000000 
0.0000000000000000 
0.0000000000000000 
0.0000000000000000 
0.0000000000000000 
0.0000000000000000 
0.0000000000000000 
0.0000000000000000 
0.0000000000000000 
0.0000000000000000 
0.0000000000000000 
0.0000000000000000 
0.0000000000000000 
0.0000000000000000 
0.0000000000000000 
0.0000000000000000 
0.0000000000000000 
0.0000000000000000 
0.0000000000000000 
0.0000000000000000 
0.0000000000000000 
0.0000000000000000 
0.0000000000000000 
0.0000000000000000 
0.0000000000000000 
0.0000000000000000 
0.0000000000000000 
0.0000000000000000 
0.0000000000000000 
0.0000000000000000 
0.0000000000000000 
0.0000000000000000 
0.0000000000000000 
0.0000000000000000 
0.0000000000000000 
0.0000000000000000 
0.0000000000000000 
0.0000000000000000 
0.0000000000000000 
0.0000000000000000 
0.0000000000000000 
0.0000000000000000 
0.0000000000000000 
0.0000000000000000 
0.0000000000000000 
0.0000000000000000 
0.0000000000000000 
0.0000000000000000 
0.0000000000000000 
0.0000000000000000 
0.0000000000000000 
0.0000000000000000 
0.0000000000000000 
0.0000000000000000 
0.0000000000000000 
0.0000000000000000 
0.0000000000000000 
0.0000000000000000 
0.2499993228358609 
0.2499993228358609 
0.2499993228358609 
0.2499993228358609 
0.2499993228358609 
0.2499985312819318 
0.2499984484795329 
0.2500000159244389 
0.2500043675803630 
0.2500113776419316 
0.2500178977600224 
0.2500163547466369 
0.2499955878129417 
0.2499449291741848 
0.2498550370555847 
0.2497069874200084 
0.2494592299531297 
0.2490378810681466 
0.2483213290883238 
0.2471151437208090 
0.2451161310841502 
0.2418650467170728 
0.2366907674321550 
0.2286568164423328 
0.2165369360591067 
0.1988731637766389 
0.1742083744941889 
0.1416271588595679 
0.1019332645295213 
0.0619387483474923 
0.0333399316272933 
0.0169421820169447 
0.0082492850707592 
0.0038612648032798 
0.0017409395996060 
0.0007573332238730 
0.0003183000035023 
0.0001294002550927 
0.0000509293084681 
0.0000194133295061 
0.0000071612952212 
0.0000025472880532 
0.0000008645698699 
0.0000002723286769 
0.0000000739137962 
0.0000000138206307 
0.0000000005844989 
0.0000000004769689 
0.0000000008350088 
0.0000000002431594 
0.0000000000011370 
0.0000000000308360 
0.0000000000238130 
0.0000000000024163 
0.0000000000006238 
0.0000000000014845 
0.0000000000003300 
0.0000000000000057 
0.0000000000000791 
0.0000000000000263 
0.0000000000000000 
0.0000000000000042 
0.0000000000000016 
0.0000000000000000 
0.0000000000000002 
0.0000000000000001 
0.0000000000000000 
0.0000000000000000 
0.0000000000000000 
0.0000000000000000 
0.0000000000000000 
0.0000000000000000 
0.0000000000000000 
0.0000000000000000 
0.0000000000000000 
0.0000000000000000 
0.0000000000000000 
0.0000000000000000 
0.0000000000000000 
0.0000000000000000 
0.0000000000000000 
0.0000000000000000 
0.0000000000000000 
0.0000000000000000 
0.0000000000000000 
0.0000000000000000 
0.0000000000000000 
0.0000000000000000 
0.0000000000000000 
0.0000000000000000 
0.0000000000000000 
0.0000000000000000 
0.0000000000000000 
0.0000000000000000 
0.0000000000000000 
0.0000000000000000 
0.0000000000000000 
0.0000000000000000 
0.0000000000000000 
0.0000000000000000 
0.0000000000000000 
0.0000000000000000 
0.0000000000000000 
0.0000000000000000 
0.0000000000000000 
0.0000000000000000 
0.0000000000000000 
0.0000000000000000 
0.0000000000000000 
0.0000000000000000 
0.0000000000000000 
0.0000000000000000 
0.0000000000000000 
0.0000000000000000 
0.0000000000000000 
0.0000000000000000 
0.0000000000000000 
0.0000000000000000 
0.0000000000000000 
0.0000000000000000 
0.0000000000000000 
0.0000000000000000 
0.0000000000000000 
0.0000000000000000 
0.0000000000000000 
0.0000000000000000 
0.0000000000000000 
0.0000000000000000 
0.0000000000000000 
0.0000000000000000 
0.0000000000000000 
0.0000000000000000 
0.0000000000000000 
0.0000000000000000 
0.0000000000000000 
0.0000000000000000 
0.0000000000000000 
0.0000000000000000 
0.0000000000000000 
0.0000000000000000 
0.0000000000000000 
0.0000000000000000 
0.0000000000000000 
0.0000000000000000 
0.0000000000000000 
0.0000000000000000 
0.0000000000000000 
0.0000000000000000 
0.0000000000000000 
0.0000000000000000 
0.0000000000000000 
0.0000000000000000 
0.0000000000000000 
0.0000000000000000 
0.0000000000000000 
0.0000000000000000 
0.0000000000000000 
0.0000000000000000 
0.0000000000000000 
0.0000000000000000 
0.0000000000000000 
0.0000000000000000 
0.0000000000000000 
0.0000000000000000 
0.0000000000000000 
0.0000000000000000 
0.0000000000000000 
0.0000000000000000 
0.0000000000000000 
0.0000000000000000 
0.0000000000000000 
0.0000000000000000 
0.0000000000000000 
0.0000000000000000 
0.0000000000000000 
0.0000000000000000 
0.0000000000000000 
0.0000000000000000 
0.0000000000000000 
0.0000000000000000 
0.0000000000000000 
0.0000000000000000 
0.0000000000000000 
0.0000000000000000 
0.0000000000000000 
0.0000000000000000 
0.0000000000000000 
0.0000000000000000 
0.0000000000000000 
0.0000000000000000 
0.0000000000000000 
0.0000000000000000 
0.0000000000000000 
0.0000000000000000 
0.0000000000000000 
0.0000000000000000 
0.0000000000000000 
0.0000000000000000 
0.0000000000000001 
0.0000000000000002 
0.0000000000000000 
0.0000000000000016 
0.0000000000000042 
0.0000000000000000 
0.0000000000000263 
0.0000000000000791 
0.0000000000000057 
0.0000000000003300 
0.0000000000014845 
0.0000000000006238 
0.0000000000024163 
0.0000000000238130 
0.0000000000308360 
0.0000000000011370 
0.0000000002431594 
0.0000000008350088 
0.0000000004769689 
0.0000000005844989 
0.0000000138206307 
0.0000000739137962 
0.0000002723286769 
0.0000008645698699 
0.0000025472880532 
0.0000071612952212 
0.0000194133295061 
0.0000509293084681 
0.0001294002550927 
0.0003183000035023 
0.0007573332238730 
0.0017409395996059 
0.0038612648032798 
0.0082492850707592 
0.0169421820169448 
0.0333399316272932 
0.0619387483474920 
0.1019332645295215 
0.1416271588595681 
0.1742083744941885 
0.1988731637766389 
0.2165369360591065 
0.2286568164423335 
0.2366907674321542 
0.2418650467170734 
0.2451161310841498 
0.2471151437208085 
0.2483213290883231 
0.2490378810681466 
0.2494592299531294 
0.2497069874200080 
0.2498550370555843 
0.2499449291741842 
0.2499955878129413 
0.2500163547466365 
0.2500178977600219 
0.2500113776419312 
0.2500043675803625 
0.2500000159244385 
0.2499984484795325 
0.2499985312819314 
0.2499993228358606 
0.2499993228358606 
0.2499993228358606 
0.2499993228358606 
0.2499993228358606 
0.0000000000004586 
0.0000000000004586 
0.0000000000004586 
0.0000000000004586 
0.0000000000004586 
0.0000000000021571 
0.0000000000024072 
0.0000000000000003 
0.0000000000190756 
0.0000000001294478 
0.0000000003203183 
0.0000000002674690 
0.0000000000194676 
0.0000000030331299 
0.0000000210203500 
0.0000000859067229 
0.0000002927489490 
0.0000009274583497 
0.0000028274366956 
0.0000083707627160 
0.0000240880414951 
0.0000672765746363 
0.0001820137265767 
0.0004760802741630 
0.0012016418258982 
0.0029211890342471 
0.0068256071280830 
0.0152933192177309 
0.0326633716026729 
0.0630637830587106 
0.1007476765141773 
0.1367800446000109 
0.1674237100890437 
0.1917221885043854 
0.2100163713021873 
0.2232376452919031 
0.2324773358058391 
0.2387539769621888 
0.2429144519934270 
0.2456133573259876 
0.2473311016506673 
0.2484065247151567 
0.2490710420761194 
0.2494784211267637 
0.2497282029954923 
0.2498824526420208 
0.2499758241731800 
0.2500218400936636 
0.2500288973534853 
0.2500155938123144 
0.2500010663036680 
0.2499944470176809 
0.2499951201705498 
0.2499984455650122 
0.2500007898298783 
0.2500012184224452 
0.2500005744703894 
0.2499999242479029 
0.2499997187199639 
0.2499998377647205 
0.2500000023782305 
0.2500000650823682 
0.2500000405271952 
0.2499999999621771 
0.2499999843314214 
0.2499999907300181 
0.2500000006338783 
0.2500000038873400 
0.2500000018974309 
0.2499999995499913 
0.2499999990519011 
0.2499999996859159 
0.2500000001976113 
0.2500000002118454 
0.2500000000263984 
0.2499999999340926 
0.2499999999610876 
0.2500000000072874 
0.2500000000171981 
0.2500000000043457 
0.2499999999955072 
0.2499999999967228 
0.2500000000003967 
0.2500000000013111 
0.2500000000003130 
0.2499999999996406 
0.2499999999997736 
0.2500000000000558 
0.2500000000000961 
0.2500000000000083 
0.2499999999999689 
0.2499999999999888 
0.2500000000000080 
0.2500000000000058 
0.2499999999999986 
0.2499999999999977 
0.2499999999999999 
0.2500000000000008 
0.2500000000000001 
0.2499999999999996 
0.2499999999999997 
0.2499999999999999 
0.2500000000000000 
0.2500000000000000 
0.2500000000000000 
0.2499999999999999 
0.2499999999999999 
0.2500000000000000 
0.2499999999999999 
0.2500000000000000 
0.2499999999999999 
0.2499999999999999 
0.2499999999999999 
0.2499999999999999 
0.2500000000000000 
0.2499999999999999 
0.2499999999999999 
0.2499999999999999 
0.2499999999999999 
0.2499999999999999 
0.2499999999999998 
0.2499999999999998 
0.2499999999999998 
0.2499999999999999 
0.2499999999999999 
0.2499999999999999 
0.2499999999999999 
0.2499999999999999 
0.2499999999999998 
0.2499999999999999 
0.2499999999999999 
0.2499999999999999 
0.2499999999999999 
0.2499999999999999 
0.2499999999999999 
0.2500000000000000 
0.2499999999999999 
0.2499999999999999 
0.2499999999999999 
0.2499999999999999 
0.2499999999999999 
0.2499999999999999 
0.2499999999999999 
0.2499999999999998 
0.2499999999999999 
0.2499999999999998 
0.2499999999999999 
0.2499999999999999 
0.2499999999999999 
0.2500000000000000 
0.2499999999999999 
0.2500000000000000 
0.2500000000000000 
0.2499999999999999 
0.2500000000000000 
0.2499999999999999 
0.2499999999999999 
0.2499999999999999 
0.2499999999999998 
0.2499999999999998 
0.2499999999999999 
0.2499999999999998 
0.2499999999999998 
0.2499999999999996 
0.2499999999999994 
0.2499999999999997 
0.2500000000000004 
0.2499999999999997 
0.2499999999999976 
0.2499999999999986 
0.2500000000000058 
0.2500000000000078 
0.2499999999999889 
0.2499999999999690 
0.2500000000000083 
0.2500000000000963 
0.2500000000000558 
0.2499999999997734 
0.2499999999996405 
0.2500000000003129 
0.2500000000013107 
0.2500000000003963 
0.2499999999967226 
0.2499999999955071 
0.2500000000043457 
0.2500000000171982 
0.2500000000072874 
0.2499999999610876 
0.2499999999340926 
0.2500000000263984 
0.2500000002118453 
0.2500000001976113 
0.2499999996859159 
0.2499999990519010 
0.2499999995499913 
0.2500000018974310 
0.2500000038873400 
0.2500000006338784 
0.2499999907300181 
0.2499999843314214 
0.2499999999621770 
0.2500000405271949 
0.2500000650823679 
0.2500000023782303 
0.2499998377647201 
0.2499997187199637 
0.2499999242479029 
0.2500005744703896 
0.2500012184224453 
0.2500007898298782 
0.2499984455650122 
0.2499951201705499 
0.2499944470176810 
0.2500010663036685 
0.2500155938123145 
0.2500288973534856 
0.2500218400936632 
0.2499758241731797 
0.2498824526420206 
0.2497282029954927 
0.2494784211267640 
0.2490710420761195 
0.2484065247151568 
0.2473311016506676 
0.2456133573259880 
0.2429144519934273 
0.2387539769621887 
0.2324773358058393 
0.2232376452919036 
0.2100163713021878 
0.1917221885043856 
0.1674237100890438 
0.1367800446000109 
0.1007476765141772 
0.0630637830587107 
0.0326633716026726 
0.0152933192177308 
0.0068256071280830 
0.0029211890342470 
0.0012016418258982 
0.0004760802741630 
0.0001820137265768 
0.0000672765746363 
0.0000240880414951 
0.0000083707627160 
0.0000028274366956 
0.0000009274583497 
0.0000002927489490 
0.0000000859067229 
0.0000000210203500 
0.0000000030331299 
0.0000000000194676 
0.0000000002674690 
0.0000000003203183 
0.0000000001294478 
0.0000000000190756 
0.0000000000000003 
0.0000000000024072 
0.0000000000021571 
0.0000000000004586 
0.0000000000004586 
0.0000000000004586 
0.0000000000004586 
0.0000000000004586 
0.0000000000000000 
0.0000000000000000 
0.0000000000000000 
0.0000000000000000 
0.0000000000000000 
0.0000000000000000 
0.0000000000000000 
0.0000000000000000 
0.0000000000000000 
0.0000000000000004 
0.0000000000000054 
0.0000000000000003 
0.0000000000002293 
0.0000000000019353 
0.0000000000031621 
0.0000000000014239 
0.0000000000003334 
0.0000000000001578 
0.0000000000004422 
0.0000000000026415 
0.0000000000164499 
0.0000000000922374 
0.0000000004333291 
0.0000000014433570 
0.0000000014539273 
0.0000000173505535 
0.0000009201295023 
0.0000016854721013 
0.0000000476394284 
0.0000022254540923 
0.0000016292743166 
0.0000009697517326 
0.0000011474064964 
0.0000015554242256 
0.0000018377050608 
0.0000019028940254 
0.0000018368822749 
0.0000017733022736 
0.0000018228892386 
0.0000020616251909 
0.0000025556675764 
0.0000033870201118 
0.0000046336938389 
0.0000061954263296 
0.0000077234921045 
0.0000089319274849 
0.0000097372200592 
0.0000101978018732 
0.0000104272255476 
0.0000104647335603 
0.0000102392502040 
0.0000095022992137 
0.0000080208590928 
0.0000057353678219 
0.0000028558777758 
0.0000003742505300 
0.0000009402045217 
0.0000102891323236 
0.0000393702329942 
0.0001071597171871 
0.0002438110405778 
0.0004932610913088 
0.0009135936389768 
0.0015721427667996 
0.0025319812521811 
0.0038330821844606 
0.0054827847475470 
0.0074640357317548 
0.0097503930483979 
0.0123155979157595 
0.0151366540715313 
0.0181938598926944 
0.0214700962955388 
0.0249501675085460 
0.0286203351845690 
0.0324680085758576 
0.0364815351564267 
0.0406500532169216 
0.0449633851572542 
0.0494119603911046 
0.0539867606080875 
0.0586792803910121 
0.0634814959156161 
0.0683858357098231 
0.0733851505587602 
0.0784726832986935 
0.0836420415054933 
0.0888871756439830 
0.0942023621007170 
0.0995821857700334 
0.1050215117126071 
0.1105154290497847 
0.1160591417958261 
0.1216477493227936 
0.1272758291390293 
0.1329366527388341 
0.1386207382904228 
0.1443132985569851 
0.1499900376017828 
0.1556109585709083 
0.1611128857611405 
0.1664037935364725 
0.1713647491288850 
0.1758649294993154 
0.1797880166175486 
0.1830593753270559 
0.1856617576361523 
0.1876345652712536 
0.1890600709453285 
0.1900431197593924 
0.1906915061943873 
0.1911006310491490 
0.1913430141418860 
0.1914572929393679 
0.1914407478596536 
0.1913291011910518 
0.1911996713806492 
0.1911198771415472 
0.1911185210694464 
0.1911850029376406 
0.1912802622019461 
0.1913584018382835 
0.1913900858623855 
0.1913697650835234 
0.1913140604140924 
0.1912508049393259 
0.1912053751064033 
0.1911909881817231 
0.1912062519354741 
0.1912388607761873 
0.1912728420529280 
0.1912955422307213 
0.1913017315063029 
0.1912939191567068 
0.1912796064599936 
0.1912671689717282 
0.1912622370490730 
0.1912658787034860 
0.1912749434135800 
0.1912840303308049 
0.1912880321497601 
0.1912841801382876 
0.1912728847653901 
0.1912572357855463 
0.1912415602840073 
0.1912297283764852 
0.1912238744376974 
0.1912239042790489 
0.1912278209009524 
0.1912326427204838 
0.1912354684971632 
0.1912342835711184 
0.1912284688139434 
0.1912187910727609 
0.1912068206299355 
0.1911944331472334 
0.1911834077939171 
0.1911750844777821 
0.1911702393462859 
0.1911690883097256 
0.1911712861865423 
0.1911760011993626 
0.1911820880704384 
0.1911883717652902 
0.1911938730148409 
0.1911975006516159 
0.1911977130509104 
0.1911935957427357 
0.1911870436909774 
0.1911820741702617 
0.1911803606131993 
0.1911807895861695 
0.1911819223540660 
0.1911828182760272 
0.1911830951754239 
0.1911817290799292 
0.1911686904733580 
0.1911740878984619 
0.1912161300138408 
0.1912312649229743 
0.1911937326038844 
0.1911427066132594 
0.1911253619129048 
0.1911502495153151 
0.1911881597357883 
0.1912242909644472 
0.1912392681003329 
0.1912528624518950 
0.1912527801188955 
0.1912394736186778 
0.1912141038450599 
0.1911901830180172 
0.1911724588405951 
0.1911650751228914 
0.1911697777483310 
0.1911902175016448 
0.1912247385748566 
0.1912615467069433 
0.1912890612374383 
0.1913049615297890 
0.1913082974074454 
0.1912990420941153 
0.1912792361715357 
0.1912506008272475 
0.1912124982630164 
0.1911608351172091 
0.1910846454648180 
0.1909608794639302 
0.1907432587096744 
0.1903503844090746 
0.1896288390600292 
0.1882875566661655 
0.1857945121530607 
0.1811671739874647 
0.1725676372240923 
0.1564869566011277 
0.1259990956662073 
0.0730081227296488 
0.0274370045314907 
0.0079318551672070 
0.0020981227804497 
0.0006502340989942 
0.0002814581378379 
0.0001709421474014 
0.0001344907140069 
0.0001308944098983 
0.0001461048617178 
0.0001671230220556 
0.0001765108285514 
0.0001610305309253 
0.0001233154442174 
0.0000846437671638 
0.0000714863559306 
0.0001239796614236 
0.0001720469542971 
0.0000026421392574 
0.0001484218897476 
0.0000650947896208 
0.0000006355493379 
0.0000002035832808 
0.0000001323879841 
0.0000000358184192 
0.0000000072526271 
0.0000000012543771 
0.0000000001970065 
0.0000000000323473 
0.0000000000114664 
0.0000000000251251 
0.0000000001119260 
0.0000000002526878 
0.0000000001524515 
0.0000000000171746 
0.0000000000000306 
0.0000000000003782 
0.0000000000000244 
0.0000000000000017 
0.0000000000000010 
0.0000000000000000 
0.0000000000000000 
0.0000000000000000 
0.0000000000000000 
0.0000000000000000 
0.0000000000000000 
0.0000000000000000 
3.4999999999999996 
3.4999999999999996 
3.4999999999999996 
3.4999999999999996 
3.4999999999999996 
3.4999999999999996 
3.4999999999999996 
3.5000000174882451 
3.5000000403965639 
3.4999998414098608 
3.4999994532158083 
3.4999998813009632 
3.5000034185861981 
3.5000097245822874 
3.5000122880289370 
3.5000082801079486 
3.5000040243830086 
3.5000027498453652 
3.5000045867691059 
3.5000112086077175 
3.5000279594802679 
3.5000668026219093 
3.5001483116977448 
3.5002684369596024 
3.5002329855876373 
3.4988927630870488 
3.4932100922620175 
3.4912590314376120 
3.5020144136849094 
3.5102924780483451 
3.5088440301763324 
3.5069605245401432 
3.5075623222040924 
3.5088203248857668 
3.5095735333583575 
3.5097357202744410 
3.5095565861455040 
3.5093896816965509 
3.5095407356934158 
3.5101807856301068 
3.5113895351645525 
3.5131874372702190 
3.5155191053432047 
3.5180439662070122 
3.5202214344164120 
3.5217865030445563 
3.5227674568373573 
3.5233189296642582 
3.5235937581516321 
3.5236378004163131 
3.5233598225760496 
3.5224665873127603 
3.5205718259853480 
3.5172627486318784 
3.5119421960659927 
3.5038331986347737 
3.4919919008251008 
3.4753332748600210 
3.4526887380094617 
3.4229076778829541 
3.3850039745496598 
3.3383389157447469 
3.2828360582260321 
3.2192378928294816 
3.1493221206845603 
3.0757398405482950 
3.0012719481099710 
2.9280378673409344 
2.8572592017951783 
2.7894720426875024 
2.7248175583920053 
2.6632434635802724 
2.6046136138762681 
2.5487615041277358 
2.4955149984842784 
2.4447072292817698 
2.3961809756378281 
2.3497900056891083 
2.3053990649212022 
2.2628833287378467 
2.2221276931414211 
2.1830260414177425 
2.1454805139342836 
2.1094007785757798 
2.0747033127368111 
2.0413107287842789 
2.0091511796497139 
1.9781578645957061 
1.9482686293782683 
1.9194256396192575 
1.8915751168039443 
1.8646671627014360 
1.8386557770557599 
1.8134992803738514 
1.7891614652778358 
1.7656140125860709 
1.7428410119799917 
1.7208467279621595 
1.6996678094560644 
1.6793901481563269 
1.6601671685468131 
1.6422295515158714 
1.6258705818996235 
1.6113955241421241 
1.5990458772779967 
1.5889315048431123 
1.5810003482017181 
1.5750532163577078 
1.5707904722842705 
1.5678648848735415 
1.5659348175726562 
1.5647143845104121 
1.5640036506905606 
1.5636648748736943 
1.5637073853966794 
1.5640292104295348 
1.5644019832477065 
1.5646282841423522 
1.5646238769390013 
1.5644203683869067 
1.5641320417767677 
1.5638945482447681 
1.5637943900501641 
1.5638481193333034 
1.5640067104256155 
1.5641877538614368 
1.5643157909086123 
1.5643509933989428 
1.5642965781166760 
1.5641882408232679 
1.5640728698177708 
1.5639878721509157 
1.5639489618397513 
1.5639491724627042 
1.5639667849290120 
1.5639771164363570 
1.5639629073616628 
1.5639198296660364 
1.5638561333330250 
1.5637876527973562 
1.5637306981057877 
1.5636955798335681 
1.5636829008397870 
1.5636835876681681 
1.5636822022757739 
1.5636620874090621 
1.5636107243941388 
1.5635234885811025 
1.5634041332870037 
1.5632630318823193 
1.5631155621041057 
1.5629788681048986 
1.5628647579144110 
1.5627743256867817 
1.5626988127915398 
1.5626230367248339 
1.5625298085250223 
1.5624038817586312 
1.5622328917185309 
1.5620060172722248 
1.5617124682313253 
1.5613392154641021 
1.5608664909924910 
1.5602612003060148 
1.5594683221377621 
1.5583971792481306 
1.5569006957920135 
1.5547452908905461 
1.5515703509230325 
1.5468470663887222 
1.5398412896859184 
1.5295634123927944 
1.5147186328765387 
1.4936884595195894 
1.4645759684984256 
1.4256797829620578 
1.3794249916345640 
1.3372391697540371 
1.3060385726451800 
1.2842007335738126 
1.2693273060995758 
1.2596349157942117 
1.2537851637325941 
1.2505902135214400 
1.2490083721303580 
1.2483779248062712 
1.2482383614643666 
1.2482579032790708 
1.2483676021858348 
1.2486584217387482 
1.2491590633299205 
1.2497045163476943 
1.2500898273282290 
1.2503530468740067 
1.2505748496401869 
1.2507975298599556 
1.2510374492478817 
1.2512643960466854 
1.2514257488648177 
1.2515264385463600 
1.2515759829920232 
1.2515803251385560 
1.2515486253199180 
1.2514820427457003 
1.2513667099819668 
1.2511703300724808 
1.2508306932954998 
1.2502280674459771 
1.2491417146836339 
1.2471345407116710 
1.2433677868103625 
1.2363375404927617 
1.2233353769644391 
1.1995198925879669 
1.1563433153125826 
1.0790527286674381 
0.9432602808408556 
0.7297323838819104 
0.5490551569207467 
0.4564623606568168 
0.4138808792408154 
0.3957395485036525 
0.3882602556315687 
0.3851498882608699 
0.3839412497511899 
0.3837995016300639 
0.3842945932733148 
0.3849761392163596 
0.3852654745973331 
0.3848181544485952 
0.3835880670920289 
0.3820570060360352 
0.3814867261349658 
0.3833650107385825 
0.3848731407999615 
0.3767333812276356 
0.3664200484984146 
0.3689786680984417 
0.3742285601323695 
0.3753076919137421 
0.3752771877953085 
0.3751442759723796 
0.3750631743711952 
0.3750260380693674 
0.3750103230898142 
0.3750041815507059 
0.3750025046652191 
0.3750037361959512 
0.3750078565943755 
0.3750117656999905 
0.3750092496789915 
0.3750031771779779 
0.3749998636728775 
0.3749995077661787 
0.3749998716487981 
0.3750000379909965 
0.3750000174646033 
0.3750000000000000 
0.3750000000000000 
0.3750000000000000 
0.3750000000000000 
0.3750000000000000 
0.3750000000000000 
0.3750000000000000 
0.0000000000000000 
0.0000000000000000 
0.0000000000000000 
0.0000000000000000 
0.0000000000000000 
0.0000000000000000 
0.0000000000000000 
0.0000000000000000 
0.0000000000000000 
0.0000000000000000 
0.0000000000000000 
0.0000000000000000 
0.0000000000000000 
0.0000000000000000 
0.0000000000000000 
0.0000000000000000 
0.0000000000000000 
0.0000000000000000 
0.0000000000000000 
0.0000000000000000 
0.0000000000000000 
0.0000000000000000 
0.0000000000000000 
0.0000000000000000 
0.0000000000000000 
0.0000000000000000 
0.0000000000000000 
0.0000000000000000 
0.0000000000000000 
0.0000000000000000 
0.0000000000000000 
0.0000000000000000 
0.0000000000000000 
0.0000000000000000 
0.0000000000000000 
0.0000000000000000 
0.0000000000000000 
0.0000000000000000 
0.0000000000000000 
0.0000000000000000 
0.0000000000000000 
0.0000000000000000 
0.0000000000000000 
0.0000000000000000 
0.0000000000000000 
0.0000000000000000 
0.0000000000000000 
0.0000000000000000 
0.0000000000000000 
0.0000000000000000 
0.0000000000000000 
0.0000000000000000 
0.0000000000000000 
0.0000000000000000 
0.0000000000000000 
0.0000000000000000 
0.0000000000000000 
0.0000000000000000 
0.0000000000000000 
0.0000000000000000 
0.0000000000000000 
0.0000000000000000 
0.0000000000000000 
0.0000000000000000 
0.0000000000000000 
0.0000000000000000 
0.0000000000000000 
0.0000000000000000 
0.0000000000000000 
0.0000000000000000 
0.0000000000000000 
0.0000000000000000 
0.0000000000000000 
0.0000000000000000 
0.0000000000000000 
0.0000000000000000 
0.0000000000000000 
0.0000000000000000 
0.0000000000000000 
0.0000000000000000 
0.0000000000000000 
0.0000000000000000 
0.0000000000000000 
0.0000000000000000 
0.0000000000000000 
0.0000000000000000 
0.0000000000000000 
0.0000000000000000 
0.0000000000000000 
0.0000000000000000 
0.0000000000000000 
0.0000000000000000 
0.0000000000000000 
0.0000000000000000 
0.0000000000000000 
0.0000000000000000 
0.0000000000000000 
0.0000000000000000 
0.0000000000000000 
0.0000000000000000 
0.0000000000000000 
0.0000000000000000 
0.0000000000000000 
0.0000000000000000 
0.0000000000000000 
0.0000000000000000 
0.0000000000000000 
0.0000000000000000 
0.0000000000000000 
0.0000000000000000 
0.0000000000000000 
0.0000000000000000 
0.0000000000000000 
0.0000000000000000 
0.0000000000000000 
0.0000000000000000 
0.0000000000000000 
0.0000000000000000 
0.0000000000000000 
0.0000000000000000 
0.0000000000000000 
0.0000000000000000 
0.0000000000000000 
0.0000000000000000 
0.0000000000000000 
0.0000000000000000 
0.0000000000000000 
0.0000000000000000 
0.0000000000000000 
0.0000000000000000 
0.0000000000000000 
0.0000000000000000 
0.0000000000000000 
0.0000000000000000 
0.0000000000000000 
0.0000000000000000 
0.0000000000000000 
0.0000000000000000 
0.0000000000000000 
0.0000000000000000 
0.0000000000000000 
0.0000000000000000 
0.0000000000000000 
0.0000000000000000 
0.0000000000000000 
0.0000000000000000 
0.0000000000000000 
0.0000000000000000 
0.0000000000000000 
0.0000000000000000 
0.0000000000000000 
0.0000000000000000 
0.0000000000000000 
0.0000000000000000 
0.0000000000000000 
0.0000000000000000 
0.0000000000000000 
0.0000000000000000 
0.0000000000000000 
0.0000000000000000 
0.0000000000000000 
0.0000000000000000 
0.0000000000000000 
0.0000000000000000 
0.0000000000000000 
0.0000000000000000 
0.0000000000000000 
0.0000000000000000 
0.0000000000000000 
0.0000000000000000 
0.0000000000000000 
0.0000000000000000 
0.0000000000000000 
0.0000000000000000 
0.0000000000000000 
0.0000000000000000 
0.0000000000000000 
0.0000000000000000 
0.0000000000000000 
0.0000000000000000 
0.0000000000000000 
0.0000000000000000 
0.0000000000000000 
0.0000000000000000 
0.0000000000000000 
0.0000000000000000 
0.0000000000000000 
0.0000000000000000 
0.0000000000000000 
0.0000000000000000 
0.0000000000000000 
0.0000000000000000 
0.0000000000000000 
0.0000000000000000 
0.0000000000000000 
0.0000000000000000 
0.0000000000000000 
0.0000000000000000 
0.0000000000000000 
0.0000000000000000 
0.0000000000000000 
0.0000000000000000 
0.0000000000000000 
0.0000000000000000 
0.0000000000000000 
0.0000000000000000 
0.0000000000000000 
0.0000000000000000 
0.0000000000000000 
0.0000000000000000 
0.0000000000000000 
0.0000000000000000 
0.0000000000000000 
0.0000000000000000 
0.0000000000000000 
0.0000000000000000 
0.0000000000000000 
0.0000000000000000 
0.0000000000000000 
0.0000000000000000 
0.0000000000000000 
0.0000000000000000 
0.0000000000000000 
0.0000000000000000 
0.0000000000000000 
0.0000000000000000 
0.0000000000000000 
0.0000000000000000 
0.0000000000000000 
0.0000000000000000 
0.0000000000000000 
0.0000000000000000 
0.0000000000000000 
0.0000000000000000 
0.0000000000000000 
0.0000000000000000 
0.0000000000000000 
0.0000000000000000 
0.0000000000000000 
0.0000000000000000 
0.0000000000000000 
0.0000000000000000 
0.0000000000000000 
0.0000000000000000 
0.0000000000000000 
0.0000000000000000 
0.0000000000000000 
0.0000000000000000 
0.0000000000000000 
0.0000000000000000 
0.0000000000000000 
0.0000000000000000 
0.0000000000000000 
0.0000000000000000 
0.0000000000000000 
0.0000000000000000 
0.0000000000000000 
0.0000000000000000 
0.0000000000000000 
0.0000000000000000 
0.0000000000000000 
0.0000000000000000 
0.0000000000000000 
0.0000000000000000 
0.0000000007166920 
0.0000000007166920 
0.0000000007166920 
0.0000000007166920 
0.0000000007166920 
0.0000000013905442 
-0.0000000023277162 
-0.0000000148520411 
-0.0000000143290889 
0.0000000736492307 
0.0000002579932701 
0.0000000574711773 
-0.0000016758738489 
-0.0000048690774864 
-0.0000062238549651 
-0.0000041764458529 
-0.0000020208718247 
-0.0000013903560316 
-0.0000023274604839 
-0.0000056884223967 
-0.0000141955998001 
-0.0000336147477190 
-0.0000728610431639 
-0.0001329805852018 
-0.0001334652774162 
0.0004608794024447 
0.0033508052259871 
0.0045325526371568 
-0.0007643657169373 
-0.0052366388500743 
-0.0044787948460860 
-0.0034535135113810 
-0.0037571977061427 
-0.0043760830890479 
-0.0047576473954711 
-0.0048415198525949 
-0.0047565592493558 
-0.0046732926725921 
-0.0047383859100847 
-0.0050400441487996 
-0.0056134672347362 
-0.0064656204813204 
-0.0075675122066279 
-0.0087566272112862 
-0.0097831077418408 
-0.0105253275247237 
-0.0109926264033973 
-0.0112513657394721 
-0.0113781122994236 
-0.0113987006374100 
-0.0112743386432593 
-0.0108582849140446 
-0.0099706541579389 
-0.0084233617079754 
-0.0059349514078917 
-0.0021435056631788 
0.0033859800543824 
0.0111477144279042 
0.0216641383604895 
0.0354332480860155 
0.0528549744189051 
0.0741427781042649 
0.0992260557767038 
0.1276436051926701 
0.1584700979953029 
0.1904248681940598 
0.2222316685453263 
0.2529668098389737 
0.2821374270555680 
0.3095635110849247 
0.3352373292403695 
0.3592305744587021 
0.3816456374386417 
0.4025927334532744 
0.4221798898277973 
0.4405088954422672 
0.4576739232236466 
0.4737613324949902 
0.4888499925781278 
0.5030118371041360 
0.5163125080983360 
0.5288120052714732 
0.5405652832559830 
0.5516227655477425 
0.5620307729211398 
0.5718318876769575 
0.5810652837167971 
0.5897670437262180 
0.5979704653111322 
0.6057063394048378 
0.6130031765702344 
0.6198873586463857 
0.6263832099647642 
0.6325129573490703 
0.6382965591430843 
0.6437513259117023 
0.6488911856116113 
0.6537254114978530 
0.6582566515389257 
0.6624783502790957 
0.6663723359271020 
0.6699084783723226 
0.6730490535293010 
0.6757588998604676 
0.6780181109300989 
0.6798313128577951 
0.6812291046299800 
0.6822627407942148 
0.6829960100831811 
0.6834940039803303 
0.6838161523715623 
0.6840158033267105 
0.6841385579966509 
0.6841945927355724 
0.6841836292567418 
0.6841248651036099 
0.6840564285323728 
0.6840126059765563 
0.6840082525988200 
0.6840382271807871 
0.6840825180029974 
0.6841183401069756 
0.6841311565939080 
0.6841183412514631 
0.6840881329579122 
0.6840542055758512 
0.6840289422305731 
0.6840185998735236 
0.6840221094339021 
0.6840330576181232 
0.6840433706919387 
0.6840467847491802 
0.6840408320499282 
0.6840269566526316 
0.6840090694767578 
0.6839913494993906 
0.6839763167764615 
0.6839639886584439 
0.6839523385163816 
0.6839386339508677 
0.6839208782108659 
0.6838986326954986 
0.6838728950881390 
0.6838452193759454 
0.6838165888716807 
0.6837866388545454 
0.6837537120995852 
0.6837156179666597 
0.6836704262190990 
0.6836173416950827 
0.6835579032229018 
0.6834960087479609 
0.6834357173044774 
0.6833788786166910 
0.6833244685848948 
0.6832691996920843 
0.6832087352356916 
0.6831388033841972 
0.6830553846042410 
0.6829541322032183 
0.6828297093096963 
0.6826749300120305 
0.6824791019859763 
0.6822256537033268 
0.6818887771043494 
0.6814268766161646 
0.6807729003500055 
0.6798231046645691 
0.6784232154502517 
0.6763491717536744 
0.6732829225348397 
0.6687897556502925 
0.6623009528746125 
0.6531071755097781 
0.6403783604941610 
0.6233689749200575 
0.6031238083667823 
0.5846872219635537 
0.5711080289895810 
0.5615809439704975 
0.5550223203589398 
0.5507107524592140 
0.5481283775736094 
0.5467672083345690 
0.5461297637179066 
0.5459056762120108 
0.5458660217787064 
0.5458939691489750 
0.5459418256745278 
0.5460500113789051 
0.5462327114886493 
0.5464370446123427 
0.5465801860285572 
0.5466847165297487 
0.5467884194083726 
0.5469150173674806 
0.5470693052453288 
0.5472212060563599 
0.5473311359981217 
0.5473979231803204 
0.5474243659293976 
0.5474130229913785 
0.5473708203059306 
0.5473007288310582 
0.5471957746329821 
0.5470359859126450 
0.5467784946682224 
0.5463380491923727 
0.5455521990609374 
0.5441143587393624 
0.5414418296311099 
0.5364729963164083 
0.5273051051904314 
0.5105604969190555 
0.4803595956124138 
0.4268563431481552 
0.3348229831000226 
0.1971738018393383 
0.0909461507395370 
0.0406529775074487 
0.0189579255148773 
0.0100912351006601 
0.0065137313264705 
0.0050356362804869 
0.0044525717222859 
0.0043910153594488 
0.0046451164730788 
0.0049768202218802 
0.0051185360739782 
0.0048832579394644 
0.0042596490984825 
0.0035150026759284 
0.0032254551753432 
0.0042686219750750 
0.0050482528413757 
0.0006123672489774 
-0.0044640413243595 
-0.0029769694146220 
-0.0002983400539524 
0.0001693395961738 
0.0001365452037963 
0.0000709988855344 
0.0000319412639969 
0.0000132823672292 
0.0000052636080134 
0.0000021328238782 
0.0000012698377081 
0.0000018797046040 
0.0000039673981832 
0.0000059612456267 
0.0000046302863290 
0.0000015540978356 
-0.0000000655898659 
-0.0000002306177264 
-0.0000000585842055 
0.0000000156200262 
0.0000000115597953 
0.0000000008428511 
-0.0000000005679372 
0.0000000000655773 
0.0000000000655773 
0.0000000000655773 
0.0000000000655773 
0.0000000000655773 
0.0000000000000000 
0.0000000000000000 
0.0000000000000000 
0.0000000000000000 
0.0000000000000000 
0.0000000000000000 
0.0000000000000000 
0.0000000000000000 
0.0000000000000000 
0.0000000000000000 
0.0000000000000000 
0.0000000000000000 
0.0000000000000000 
0.0000000000000000 
0.0000000000000000 
0.0000000000000000 
0.0000000000000000 
0.0000000000000000 
0.0000000000000000 
0.0000000000000000 
0.0000000000000000 
0.0000000000000000 
0.0000000000000000 
0.0000000000000000 
0.0000000000000000 
0.0000000000000000 
0.0000000000000000 
0.0000000000000000 
0.0000000000000000 
0.0000000000000000 
0.0000000000000000 
0.0000000000000000 
0.0000000000000000 
0.0000000000000000 
0.0000000000000000 
0.0000000000000000 
0.0000000000000000 
0.0000000000000000 
0.0000000000000000 
0.0000000000000000 
0.0000000000000000 
0.0000000000000000 
0.0000000000000000 
0.0000000000000000 
0.0000000000000000 
0.0000000000000000 
0.0000000000000000 
0.0000000000000000 
0.0000000000000000 
0.0000000000000000 
0.0000000000000000 
0.0000000000000000 
0.0000000000000000 
0.0000000000000000 
0.0000000000000000 
0.0000000000000000 
0.0000000000000000 
0.0000000000000000 
0.0000000000000000 
0.0000000000000000 
0.0000000000000000 
0.0000000000000000 
0.0000000000000000 
0.0000000000000000 
0.0000000000000000 
0.0000000000000000 
0.0000000000000000 
0.0000000000000000 
0.0000000000000000 
0.0000000000000000 
0.0000000000000000 
0.0000000000000000 
0.0000000000000000 
0.0000000000000000 
0.0000000000000000 
0.0000000000000000 
0.0000000000000000 
0.0000000000000000 
0.0000000000000000 
0.0000000000000000 
0.0000000000000000 
0.0000000000000000 
0.0000000000000000 
0.0000000000000000 
0.0000000000000000 
0.0000000000000000 
0.0000000000000000 
0.0000000000000000 
0.0000000000000000 
0.0000000000000000 
0.0000000000000000 
0.0000000000000000 
0.0000000000000000 
0.0000000000000000 
0.0000000000000000 
0.0000000000000000 
0.0000000000000000 
0.0000000000000000 
0.0000000000000000 
0.0000000000000000 
0.0000000000000000 
0.0000000000000000 
0.0000000000000000 
0.0000000000000000 
0.0000000000000000 
0.0000000000000000 
0.0000000000000000 
0.0000000000000000 
0.0000000000000000 
0.0000000000000000 
0.0000000000000000 
0.0000000000000000 
0.0000000000000000 
0.0000000000000000 
0.0000000000000000 
0.0000000000000000 
0.0000000000000000 
0.0000000000000000 
0.0000000000000000 
0.0000000000000000 
0.0000000000000000 
0.0000000000000000 
0.0000000000000000 
0.0000000000000000 
0.0000000000000000 
0.0000000000000000 
0.0000000000000000 
0.0000000000000000 
0.0000000000000000 
0.0000000000000000 
0.0000000000000000 
0.0000000000000000 
0.0000000000000000 
0.0000000000000000 
0.0000000000000000 
0.0000000000000000 
0.0000000000000000 
0.0000000000000000 
0.0000000000000000 
0.0000000000000000 
0.0000000000000000 
0.0000000000000000 
0.0000000000000000 
0.0000000000000000 
0.0000000000000000 
0.0000000000000000 
0.0000000000000000 
0.0000000000000000 
0.0000000000000000 
0.0000000000000000 
0.0000000000000000 
0.0000000000000000 
0.0000000000000000 
0.0000000000000000 
0.0000000000000000 
0.0000000000000000 
0.0000000000000000 
0.0000000000000000 
0.0000000000000000 
0.0000000000000000 
0.0000000000000000 
0.0000000000000000 
0.0000000000000000 
0.0000000000000000 
0.0000000000000000 
0.0000000000000000 
0.0000000000000000 
0.0000000000000000 
0.0000000000000000 
0.0000000000000000 
0.0000000000000000 
0.0000000000000000 
0.0000000000000000 
0.0000000000000000 
0.0000000000000000 
0.0000000000000000 
0.0000000000000000 
0.0000000000000000 
0.0000000000000000 
0.0000000000000000 
0.0000000000000000 
0.0000000000000000 
0.0000000000000000 
0.0000000000000000 
0.0000000000000000 
0.0000000000000000 
0.0000000000000000 
0.0000000000000000 
0.0000000000000000 
0.0000000000000000 
0.0000000000000000 
0.0000000000000000 
0.0000000000000000 
0.0000000000000000 
0.0000000000000000 
0.0000000000000000 
0.0000000000000000 
0.0000000000000000 
0.0000000000000000 
0.0000000000000000 
0.0000000000000000 
0.0000000000000000 
0.0000000000000000 
0.0000000000000000 
0.0000000000000000 
0.0000000000000000 
0.0000000000000000 
0.0000000000000000 
0.0000000000000000 
0.0000000000000000 
0.0000000000000000 
0.0000000000000000 
0.0000000000000000 
0.0000000000000000 
0.0000000000000000 
0.0000000000000000 
0.0000000000000000 
0.0000000000000000 
0.0000000000000000 
0.0000000000000000 
0.0000000000000000 
0.0000000000000000 
0.0000000000000000 
0.0000000000000000 
0.0000000000000000 
0.0000000000000000 
0.0000000000000000 
0.0000000000000000 
0.0000000000000000 
0.0000000000000000 
0.0000000000000000 
0.0000000000000000 
0.0000000000000000 
0.0000000000000000 
0.0000000000000000 
0.0000000000000000 
0.0000000000000000 
0.0000000000000000 
0.0000000000000000 
0.0000000000000000 
0.0000000000000000 
0.0000000000000000 
0.0000000000000000 
0.0000000000000000 
0.0000000000000000 
0.0000000000000000 
0.0000000000000000 
0.0000000000000000 
0.0000000000000000 
0.0000000000000000 
0.0000000000000000 
0.0000000000000000 
0.0000000000000000 
0.0000000000000000 
0.0000000000000000 
0.0000000000000000 
0.0000000000000000 
0.0000000000000000 
0.0000000000000000 
0.0000000000000000 
0.0000000000000000 
0.0000000000000000 
0.0000000000000000 
0.0000000000000000 
0.0000000000000000 
0.0000000000000000 
0.0000000000000000 
0.0000000000000000 
0.0000000000000000 
0.0000000000000000 
0.0000000000000000 
0.0000000000000000 
0.0000000000000000 
0.0000000000000000 
0.0000000000000000 
0.0000000000000000 
0.0000000000000000 
0.0000000000000000 
0.0000000000000000 
0.0000000000000000 
0.0000000000000000 
0.0000000000000000 
0.0000000000000000 
0.0000000000000000 
0.0000000000000000 
0.0000000000000000 
0.0000000000000000 
0.0000000000000000 
0.0000000000000000 
0.0000000000000000 
0.0000000000000000 
0.0000000000000000 
0.0000000000000000 
0.0000000000000000 
0.0000000000000000 
0.0000000000000000 
0.0000000000000000 
0.0000000000000000 
0.0000000000000000 
0.0000000000000000 
0.0000000000000000 
0.0000000000000000 
0.0000000000000000 
0.0000000000000000 
0.0000000000000000 
0.0000000000000000 
0.0000000000000000 
0.0000000000000000 
0.0000000000000000 
0.0000000000000000 
0.0000000000000000 
0.0000000000000000 
0.0000000000000000 
0.0000000000000000 
0.0000000000000000 
0.0000000000000000 
0.0000000000000000 
0.0000000000000000 
0.0000000000000000 
0.0000000000000000 
0.0000000000000000 
0.0000000000000000 
0.0000000000000000 
0.0000000000000000 
0.0000000000000000 
0.0000000000000000 
0.0000000000000000 
0.0000000000000000 
0.0000000000000000 
0.0000000000000000 
0.0000000000000000 
0.0000000000000000 
0.0000000000000000 
0.0000000000000000 
0.0000000000000000 
0.0000000000000000 
0.0000000000000000 
0.0000000000000000 
0.0000000000000000 
0.0000000000000000 
0.0000000000000000 
0.0000000000000000 
0.0000000000000000 
0.0000000000000000 
0.0000000000000000 
0.0000000000000000 
0.0000000000000000 
0.0000000000000000 
0.0000000000000000 
0.0000000000000000 
0.0000000000000000 
0.0000000000000000 
0.0000000000000000 
0.0000000000000000 
0.0000000000000000 
0.0000000000000000 
0.0000000000000000 
0.0000000000000000 
0.0000000000000000 
0.0000000000000000 
0.0000000000000000 
0.0000000000000000 
0.0000000000000000 
0.0000000000000000 
0.0000000000000000 
0.0000000000000000 
0.0000000000000000 
0.0000000000000000 
0.0000000000000000 
0.0000000000000000 
0.0000000000000000 
0.0000000000000000 
0.0000000000000000 
0.0000000000000000 
0.0000000000000000 
0.0000000000000000 
0.0000000000000000 
0.0000000000000000 
0.0000000000000000 
0.0000000000000000 
0.0000000000000000 
0.0000000000000000 
0.0000000000000000 
0.0000000000000000 
0.0000000000000000 
0.0000000000000000 
0.0000000000000000 
0.0000000000000000 
0.0000000000000000 
0.0000000000000000 
0.0000000000000000 
0.0000000000000000 
0.0000000000000000 
0.0000000000000000 
0.0000000000000000 
0.0000000000000000 
0.0000000000000000 
0.0000000000000000 
0.0000000000000000 
0.0000000000000000 
0.0000000000000000 
0.0000000000000000 
0.0000000000000000 
0.0000000000000000 
0.0000000000000000 
0.0000000000000000 
0.0000000000000000 
0.0000000000000000 
0.0000000000000000 
0.0000000000000000 
0.0000000000000000 
0.0000000000000000 
0.0000000000000000 
0.0000000000000000 
0.0000000000000000 
0.0000000000000000 
0.0000000000000000 
0.0000000000000000 
0.0000000000000000 
0.0000000000000000 
0.0000000000000000 
0.0000000000000000 
0.0000000000000000 
0.0000000000000000 
0.0000000000000000 
0.0000000000000000 
0.0000000000000000 
0.0000000000000000 
0.0000000000000000 
0.0000000000000000 
0.0000000000000000 
0.0000000000000000 
0.0000000000000000 
0.0000000000000000 
0.0000000000000000 
0.0000000000000000 
0.0000000000000000 
0.0000000000000000 
0.0000000000000000 
0.0000000000000000 
0.0000000000000000 
0.0000000000000000 
0.0000000000000000 
0.0000000000000000 
0.0000000000000000 
0.0000000000000000 
0.0000000000000000 
0.0000000000000000 
0.0000000000000000 
0.0000000000000000 
0.0000000000000000 
0.0000000000000000 
0.0000000000000000 
0.0000000000000000 
0.0000000000000000 
0.0000000000000000 
0.0000000000000000 
0.0000000000000000 
0.0000000000000000 
0.0000000000000000 
0.0000000000000000 
0.0000000000000000 
0.0000000000000000 
0.0000000000000000 
0.0000000000000000 
0.0000000000000000 
0.0000000000000000 
0.0000000000000000 
0.0000000000000000 
0.0000000000000000 
0.0000000000000000 
0.0000000000000000 
0.0000000000000000 
0.0000000000000000 
0.0000000000000000 
0.0000000000000000 
0.0000000000000000 
0.0000000000000000 
0.0000000000000000 
0.0000000000000000 
0.0000000000000000 
0.0000000000000000 
0.0000000000000000 
0.0000000000000000 
0.0000000000000000 
0.0000000000000000 
0.0000000000000000 
0.0000000000000000 
0.0000000000000000 
0.0000000000000000 
0.0000000000000000 
0.0000000000000000 
0.0000000000000000 
0.0000000000000000 
0.0000000000000000 
0.0000000000000000 
0.0000000000000000 
0.0000000000000000 
0.0000000000000000 
0.0000000000000000 
0.0000000000000000 
0.0000000000000000 
0.0000000000000000 
0.0000000000000000 
0.0000000000000000 
0.0000000000000000 
0.0000000000000000 
0.0000000000000000 
0.0000000000000000 
0.0000000000000000 
0.0000000000000000 
0.0000000000000000 
0.0000000000000000 
0.0000000000000000 
0.0000000000000000 
0.0000000000000000 
0.0000000000000000 
0.0000000000000000 
0.0000000000000000 
0.0000000000000000 
0.0000000000000000 
0.0000000000000000 
0.0000000000000000 
0.0000000000000000 
0.0000000000000000 
0.0000000000000000 
0.0000000000000000 
0.0000000000000000 
0.0000000000000000 
0.0000000000000000 
0.0000000000000000 
0.0000000000000000 
0.0000000000000000 
0.0000000000000000 
0.0000000000000000 
0.0000000000000002 
0.0000000000000002 
0.0000000000000054 
0.0000000000000666 
0.0000000000000033 
0.0000000000028086 
0.0000000000237079 
0.0000000000387364 
0.0000000000174427 
0.0000000000040839 
0.0000000000019331 
0.0000000000054171 
0.0000000000323581 
0.0000000002015151 
0.0000000011299513 
0.0000000053087316 
0.0000000176838360 
0.0000000178129803 
0.0000002124098236 
0.0000112278956625 
0.0000205440334086 
0.0000005842549492 
0.0000274223864461 
0.0000200596032733 
0.0000119267555733 
0.0000141165346030 
0.0000191501032023 
0.0000226352087396 
0.0000234403144831 
0.0000226248558926 
0.0000218396644037 
0.0000224523010329 
0.0000254020450218 
0.0000315110143955 
0.0000418042482085 
0.0000572672409975 
0.0000766785201174 
0.0000957091970885 
0.0001107825195027 
0.0001208378352447 
0.0001265932310034 
0.0001294614394983 
0.0001299303762213 
0.0001271107118429 
0.0001179023512746 
0.0000994139443372 
0.0000709530224634 
0.0000352236482140 
0.0000045946165281 
0.0000114648609287 
0.0001242715369661 
0.0004693348909024 
0.0012555150699251 
0.0027936483208231 
0.0054971515450183 
0.0098458101450015 
0.0162928899465822 
0.0251127719586409 
0.0362616304267251 
0.0493869145044398 
0.0639922068801075 
0.0796015277455359 
0.0958295673952263 
0.1123840669162159 
0.1290466056259291 
0.1456533925759471 
0.1620809090293792 
0.1782358593750110 
0.1940480869637663 
0.2094654199989243 
0.2244498001674287 
0.2389743152436356 
0.2530209082668778 
0.2665786060187942 
0.2796421369192366 
0.2922108254616211 
0.3042876754705396 
0.3158785897103338 
0.3269917077641925 
0.3376368639408819 
0.3478251658655628 
0.3575686773844119 
0.3668801695952085 
0.3757728944851980 
0.3842603374095928 
0.3923559257257618 
0.4000726412144668 
0.4074224974139009 
0.4144157696130747 
0.4210597707644426 
0.4273569136380372 
0.4333018192952386 
0.4388775645885123 
0.4440520900889425 
0.4487773693951206 
0.4529950284566879 
0.4566500907406294 
0.4597085587492199 
0.4621706139419532 
0.4640730929949642 
0.4654824474760339 
0.4664835497895448 
0.4671640534770638 
0.4676045302442478 
0.4678776192006852 
0.4680455665377369 
0.4681222407285958 
0.4681072385429267 
0.4680268310530325 
0.4679331974164653 
0.4678732451348397 
0.4678672896232912 
0.4679082962446341 
0.4679688914373212 
0.4680179032707235 
0.4680354394225182 
0.4680179048366533 
0.4679765736538421 
0.4679301561660089 
0.4678955938090767 
0.4678814449729357 
0.4678862461944051 
0.4679012239143986 
0.4679153329875890 
0.4679200037256913 
0.4679118599115580 
0.4678928774274611 
0.4678684071264601 
0.4678441661899975 
0.4678236019110945 
0.4678067377815679 
0.4677908013620271 
0.4677720550105791 
0.4677477676527221 
0.4677173398027725 
0.4676821366362328 
0.4676442840633350 
0.4676051272161013 
0.4675641674759965 
0.4675191388099625 
0.4674670462515313 
0.4674052516866045 
0.4673326698662514 
0.4672514070584899 
0.4671667939743926 
0.4670843796874855 
0.4670066917394061 
0.4669323293668289 
0.4668567992478614 
0.4667741759023533 
0.4666786246891928 
0.4665646584368476 
0.4664263466934510 
0.4662564119159644 
0.4660450600669307 
0.4657777246475846 
0.4654318425709316 
0.4649723043408651 
0.4643425881748617 
0.4634517418509585 
0.4621594536357737 
0.4602580592618587 
0.4574482021318813 
0.4533098937770549 
0.4472797372627780 
0.4386425521786197 
0.4265489827023601 
0.4100844445891896 
0.3885888788928833 
0.3637583282188511 
0.3418591475274579 
0.3261643807763641 
0.3153731566307951 
0.3080497760966217 
0.3032823328741936 
0.3004447183014773 
0.2989543801099780 
0.2982577188185764 
0.2980130073204928 
0.2979697137325111 
0.2980002255532221 
0.2980524770208365 
0.2981706149269024 
0.2983701751002419 
0.2985934437246713 
0.2987498997590122 
0.2988641792872117 
0.2989775755991064 
0.2991160362220716 
0.2992848247416068 
0.2994510483577771 
0.2995713724329944 
0.2996444863021280 
0.2996734364132030 
0.2996610177405595 
0.2996148149223874 
0.2995380877790075 
0.2994232157761893 
0.2992483698834196 
0.2989667222316473 
0.2984852639953275 
0.2976272019002247 
0.2960604353863476 
0.2931592548742838 
0.2878032757767051 
0.2780506739598919 
0.2606720210142329 
0.2307453410969217 
0.1822063376858157 
0.1121064300119980 
0.0388775081317787 
0.0082712023343386 
0.0016526645802211 
0.0003594029398276 
0.0001018330258568 
0.0000424286957934 
0.0000253576327494 
0.0000198253949421 
0.0000192810158869 
0.0000215771070485 
0.0000247687395209 
0.0000261994115406 
0.0000238462081033 
0.0000181446104422 
0.0000123552438118 
0.0000104035610881 
0.0000182211335661 
0.0000254848567505 
0.0000003749936476 
0.0000199276649456 
0.0000088623468956 
0.0000000890067878 
0.0000000286758988 
0.0000000186445927 
0.0000000050408417 
0.0000000010202443 
0.0000000001764213 
0.0000000000277056 
0.0000000000045489 
0.0000000000016125 
0.0000000000035333 
0.0000000000157402 
0.0000000000355364 
0.0000000000214396 
0.0000000000024152 
0.0000000000000043 
0.0000000000000532 
0.0000000000000034 
0.0000000000000002 
0.0000000000000001 
0.0000000000000000 
0.0000000000000000 
0.0000000000000000 
0.0000000000000000 
0.0000000000000000 
0.0000000000000000 
0.0000000000000000 
1.4999999992439208 
1.4999999992439208 
1.4999999992439208 
1.4999999992439208 
1.4999999992439208 
1.4999999985735459 
1.5000000026137315 
1.5000000155796278 
1.5000000144929602 
1.4999999233673256 
1.4999997328216734 
1.4999999402544213 
1.5000017277745028 
1.5000050068412247 
1.5000063887209318 
1.5000042948809629 
1.5000020819544677 
1.5000014336182881 
1.5000023992190414 
1.5000058602163584 
1.5000146199666333 
1.5000346041776678 
1.5000749474574242 
1.5001365257324184 
1.5001354509006009 
1.4995162088755862 
1.4965017078062421 
1.4953379932549682 
1.5008081453075224 
1.5053630163209299 
1.5046053887523922 
1.5035539678450409 
1.5038656816645426 
1.5045043200098358 
1.5048978172674843 
1.5049834722181625 
1.5048944730761209 
1.5048073597503833 
1.5048743344807134 
1.5051868200432408 
1.5057804924982894 
1.5066620106658088 
1.5078015683199191 
1.5090311696906697 
1.5100921897224291 
1.5108590152249952 
1.5113419896250475 
1.5116103035412658 
1.5117408653917697 
1.5117623578541761 
1.5116336377188009 
1.5112025846328705 
1.5102843916446036 
1.5086837622446145 
1.5061093486814423 
1.5021858859284196 
1.4964611949302820 
1.4884198769383947 
1.4775141751877374 
1.4632169710176381 
1.4450964233688866 
1.4229063889641145 
1.3966878758107637 
1.3668827844014095 
1.3344177314328536 
1.3006014186134056 
1.2667569861858541 
1.2338564184530032 
1.2024303198435176 
1.1726841339214857 
1.1446418571827959 
1.1182423056691682 
1.0933902186094373 
1.0699805825341953 
1.0479094883280056 
1.0270786279811761 
1.0073968548874621 
0.9887804170594054 
0.9711526297463653 
0.9544433545208215 
0.9385884482041771 
0.9235292364683300 
0.9092120157100301 
0.8955875741517869 
0.8826107322889056 
0.8702399165722926 
0.8584367855461357 
0.8471659203735531 
0.8363945769586439 
0.8260924850035889 
0.8162316795160733 
0.8067863628424591 
0.7977328317696678 
0.7890495355505410 
0.7807173777805567 
0.7727204376268841 
0.7650473695724066 
0.7576938278517682 
0.7506662585395747 
0.7439870668802072 
0.7377000633567476 
0.7318730181977409 
0.7265923448379148 
0.7219467209711984 
0.7180033941838995 
0.7147878310678319 
0.7122754086726664 
0.7103968109581673 
0.7090533470257372 
0.7081332985585285 
0.7075274968163831 
0.7071442279937636 
0.7069240137046959 
0.7068202508983072 
0.7068360162950584 
0.7069397515593845 
0.7070593296769745 
0.7071328094521223 
0.7071338645216829 
0.7070724201079193 
0.7069841901300318 
0.7069118102311157 
0.7068824346742878 
0.7069012689843188 
0.7069529205262081 
0.7070115564488140 
0.7070536159404968 
0.7070667981384164 
0.7070523444283787 
0.7070216237455766 
0.7069894300703344 
0.7069674284710423 
0.7069603679135144 
0.7069658937818132 
0.7069771585545555 
0.7069865559055771 
0.7069889115916437 
0.7069830921453003 
0.7069717862709390 
0.7069598756426403 
0.7069522001412338 
0.7069516056353853 
0.7069579665097558 
0.7069684446793127 
0.7069787321758814 
0.7069846985099106 
0.7069838234742267 
0.7069758224672182 
0.7069622685059350 
0.7069459053849128 
0.7069301212422823 
0.7069179396544408 
0.7069108483907456 
0.7069086063587035 
0.7069096041825101 
0.7069112864004755 
0.7069108727978344 
0.7069059655830927 
0.7068946912467234 
0.7068756807735505 
0.7068480378205793 
0.7068110358247456 
0.7067633348595500 
0.7067021815684430 
0.7066227837219625 
0.7065164889381396 
0.7063686018746692 
0.7061560280979460 
0.7058423315344747 
0.7053726032769665 
0.7046719638488740 
0.7036413397637142 
0.7021511400991102 
0.7000389117531691 
0.6971140336253878 
0.6932013496929361 
0.6885119023355410 
0.6842918097215231 
0.6812889234048526 
0.6791425165525052 
0.6775332356108390 
0.6763958035849635 
0.6757484625943858 
0.6754967701575825 
0.6754497348367658 
0.6755147903287048 
0.6755943751565014 
0.6756034160396482 
0.6755758692424931 
0.6755596410884860 
0.6755552123935389 
0.6755401961386510 
0.6755222611855267 
0.6755274503264179 
0.6755732440581225 
0.6756628027274634 
0.6757928691577787 
0.6759309292873112 
0.6760310833740166 
0.6760887848248757 
0.6761035968129634 
0.6760762722136184 
0.6760139091813554 
0.6759208421353927 
0.6757925399517013 
0.6756122992496616 
0.6753423199824583 
0.6749033352171208 
0.6741382667919651 
0.6727508544523151 
0.6701893770928317 
0.6654456496307486 
0.6566988325382531 
0.6407160003709318 
0.6118724237371878 
0.5607475316354477 
0.4727438045714595 
0.3409817258635707 
0.2389051771793292 
0.1900994123930987 
0.1688211968016509 
0.1600554035837919 
0.1565017366527357 
0.1550298445233008 
0.1544486381884226 
0.1543874243977125 
0.1546410766415494 
0.1549719242451282 
0.1551130867944721 
0.1548781623144959 
0.1542557094782024 
0.1535124657205989 
0.1532234585536075 
0.1542658841790646 
0.1550452497150653 
0.1506108702915068 
0.1455359549384666 
0.1470208731241000 
0.1497013155665506 
0.1501693415183692 
0.1501365418275068 
0.1500709974927625 
0.1500319408737256 
0.1500132819505876 
0.1500052631595764 
0.1500021332627542 
0.1500012699629085 
0.1500018799326526 
0.1500039678432552 
0.1500059611455814 
0.1500046298510500 
0.1500015540651709 
0.1499999342523656 
0.1499997697124700 
0.1499999408883375 
0.1500000145835599 
0.1500000121501583 
0.1500000010890678 
0.1499999989930052 
0.1499999998745566 
0.1499999998745566 
0.1499999998745566 
0.1499999998745566 
0.1499999998745566 
