cons = D, Sx, Sy, Sx, tau, Bx, By, Bz, Ex, Ey, Ez, psi, phi, qch
0.9999999996971064 
0.9999999996971064 
0.9999999996971064 
0.9999999996971064 
0.9999999996971064 
0.9999999994289216 
1.0000000010541219 
1.0000000062442151 
1.0000000055939193 
0.9999999691309849 
0.9999998985130305 
0.9999999808769279 
1.0000005389624860 
1.0000013798507836 
1.0000016401670417 
1.0000011219758591 
1.0000005544595618 
1.0000003639673314 
1.0000005880715879 
1.0000014415857368 
1.0000035929021129 
1.0000091291769415 
1.0000234001354023 
1.0000408969591914 
1.0000072369947137 
0.9996991163177795 
0.9990424156391012 
0.9990324043450981 
1.0006676001712658 
1.0013585826836844 
1.0011716497739744 
1.0010391884658623 
1.0011218195983800 
1.0013162441814136 
1.0014141908516554 
1.0014337504731898 
1.0014028156268484 
1.0013809723343978 
1.0014205014017576 
1.0015402217422562 
1.0017605102408276 
1.0020908876165833 
1.0025258029017989 
1.0030044758940362 
1.0034166605154502 
1.0037061268805523 
1.0038837504166471 
1.0039889643321895 
1.0040466535538499 
1.0040549508815049 
1.0039910507059335 
1.0038147477553565 
1.0034473157427553 
1.0028013429402092 
1.0017656810744615 
1.0001908048543475 
0.9978917853246563 
0.9946539073514824 
0.9902427392916862 
0.9844220935638800 
0.9769807317537683 
0.9677669080553842 
0.9567309604333046 
0.9439790965236668 
0.9298233120667424 
0.9147605959510945 
0.8993346446492618 
0.8839770246774183 
0.8689504812772868 
0.8543828855233828 
0.8403214913624593 
0.8267723303090051 
0.8137222893687919 
0.8011501866735249 
0.7890320699356962 
0.7773436796776596 
0.7660615419887735 
0.7551634024287875 
0.7446283550587212 
0.7344368442799283 
0.7245706217582087 
0.7150126879687788 
0.7057472234632310 
0.6967595095480476 
0.6880358419647683 
0.6795634455166083 
0.6713303972828482 
0.6633255611631523 
0.6555385310334696 
0.6479595786159471 
0.6405796082110884 
0.6333901328593006 
0.6263833043439981 
0.6195520652313866 
0.6128905149948239 
0.6063946450287998 
0.6000636948868466 
0.5939024745984349 
0.5879250319783926 
0.5821597708116633 
0.5766551331943599 
0.5714829887257723 
0.5667349338503729 
0.5625078737193721 
0.5588814956310831 
0.5558971221471760 
0.5535472764835607 
0.5517792511698419 
0.5505084253397167 
0.5496330297047211 
0.5490518616369202 
0.5486833125260607 
0.5484670143417477 
0.5483609826285875 
0.5483682693031465 
0.5484584984864440 
0.5485637820705754 
0.5486253253462164 
0.5486179538635922 
0.5485512202303670 
0.5484593279299530 
0.5483828985334797 
0.5483478666044609 
0.5483592415443078 
0.5484023275171547 
0.5484522778463943 
0.5484861262960177 
0.5484913993974101 
0.5484685025672348 
0.5484276725041332 
0.5483827873099619 
0.5483451987905436 
0.5483199822464020 
0.5483054295167398 
0.5482951869823320 
0.5482816427479865 
0.5482590711059774 
0.5482255096866939 
0.5481829973576045 
0.5481363916412868 
0.5480913495190940 
0.5480521430283911 
0.5480199282167694 
0.5479919805976151 
0.5479621201222955 
0.5479222425442962 
0.5478647363337948 
0.5477850856943166 
0.5476832283940541 
0.5475634938566299 
0.5474345563208195 
0.5473082235235195 
0.5471941614418582 
0.5470945058950021 
0.5470037510984556 
0.5469113217753537 
0.5468047980339463 
0.5466728698230845 
0.5465060095830123 
0.5462950919057377 
0.5460298443501306 
0.5456969809672574 
0.5452768074066031 
0.5447377335238553 
0.5440283409736655 
0.5430654806890151 
0.5417155017303920 
0.5397669702226858 
0.5368972802047145 
0.5326366280287724 
0.5263276015912989 
0.5170784804269883 
0.5037225264492839 
0.4848026804260534 
0.4586121818485861 
0.4236262545465638 
0.3820702772870447 
0.3440938656741293 
0.3158485723430882 
0.2961384332949910 
0.2829110026401270 
0.2744116317837235 
0.2692302171689925 
0.2662648843452701 
0.2646931552562625 
0.2639503114131123 
0.2636888627194128 
0.2637047457593235 
0.2638636171447972 
0.2641870756804487 
0.2647054894976431 
0.2652887764515526 
0.2657116848155751 
0.2659765996731686 
0.2661426611535646 
0.2662521377399289 
0.2663262688633189 
0.2663757935351531 
0.2664088175551799 
0.2664360466067197 
0.2664675609031661 
0.2665084442835295 
0.2665586972498425 
0.2666139639752681 
0.2666662335958648 
0.2667046566341994 
0.2667150053771631 
0.2666787583278025 
0.2665763532517378 
0.2663533475281565 
0.2658821409077285 
0.2649569356496061 
0.2632244878130526 
0.2600475582946160 
0.2542692171747112 
0.2437880495540692 
0.2248267781762183 
0.1921815344469356 
0.1594543556798360 
0.1416684253805545 
0.1329980572792467 
0.1291240993120987 
0.1274849191126722 
0.1268034806234782 
0.1265556034173893 
0.1265150988859801 
0.1265907316757588 
0.1267254311829727 
0.1267815391913664 
0.1267223932403427 
0.1265215520015573 
0.1262208943180330 
0.1261294703759773 
0.1262816711150094 
0.1265012804037174 
0.1257158169377857 
0.1238902505152285 
0.1239572022068152 
0.1247264996585766 
0.1250254985030062 
0.1250496456859006 
0.1250259542830813 
0.1250099410928981 
0.1250039017464035 
0.1250015511982311 
0.1250006261195214 
0.1250003876515134 
0.1250006029800981 
0.1250012435456019 
0.1250018305099999 
0.1250015332923364 
0.1250005870729378 
0.1249999732522746 
0.1249998915788076 
0.1249999701682407 
0.1250000070380255 
0.1250000060907609 
0.1250000005553072 
0.1249999994958731 
0.1249999999367021 
0.1249999999367021 
0.1249999999367021 
0.1249999999367021 
0.1249999999367021 
0.0000003392985323 
0.0000003392985323 
0.0000003392985323 
0.0000003392985323 
0.0000003392985323 
0.0000007357484998 
0.0000007734313137 
-0.0000000228142606 
-0.0000021981288081 
-0.0000056152364589 
-0.0000086910469002 
-0.0000081200358756 
0.0000005302099465 
0.0000226648188563 
0.0000662471070676 
0.0001422868907814 
0.0002682177771359 
0.0004792053807202 
0.0008355942770064 
0.0014325543358408 
0.0024156948373770 
0.0040002236064264 
0.0064907483774702 
0.0103005710565503 
0.0159972457800813 
0.0245637029970018 
0.0378338144148512 
0.0510723135985075 
0.0569373162169657 
0.0572620954468243 
0.0534774010831788 
0.0446853731801411 
0.0334063047139558 
0.0228321902571194 
0.0143636971536323 
0.0081609908895171 
0.0038456228459736 
0.0008850187187672 
-0.0012210765610322 
-0.0028564294765464 
-0.0042825987076804 
-0.0056701564829253 
-0.0071034655296226 
-0.0084959739390065 
-0.0096472461964850 
-0.0104665607560494 
-0.0109805387822367 
-0.0112622860247883 
-0.0113925613936707 
-0.0114064976651469 
-0.0112748717956618 
-0.0108555084383030 
-0.0099682142551202 
-0.0084225844916896 
-0.0059353463231428 
-0.0021441148751438 
0.0033856928190225 
0.0111477523039497 
0.0216642790004679 
0.0354333292036421 
0.0528549732297898 
0.0741427455630787 
0.0992260355131056 
0.1276436052115816 
0.1584701058295921 
0.1904248728290508 
0.2222316682283872 
0.2529668078953037 
0.2821374261068526 
0.3095635113099291 
0.3352373297144190 
0.3592305746157443 
0.3816456373398360 
0.4025927333473517 
0.4221798898145980 
0.4405088954752209 
0.4576739232431027 
0.4737613324913464 
0.4888499925695287 
0.5030118371019631 
0.5163125081005823 
0.5288120052731118 
0.5405652832557846 
0.5516227655470869 
0.5620307729209834 
0.5718318876771372 
0.5810652837169104 
0.5897670437261902 
0.5979704653110842 
0.6057063394048336 
0.6130031765702499 
0.6198873586463911 
0.6263832099647600 
0.6325129573490672 
0.6382965591430847 
0.6437513259117033 
0.6488911856116112 
0.6537254114978526 
0.6582566515389255 
0.6624783502790960 
0.6663723359271022 
0.6699084783723227 
0.6730490535293011 
0.6757588998604677 
0.6780181109300989 
0.6798313128577951 
0.6812291046299799 
0.6822627407942148 
0.6829960100831812 
0.6834940039803304 
0.6838161523715626 
0.6840158033267106 
0.6841385579966510 
0.6841945927355725 
0.6841836292567419 
0.6841248651036099 
0.6840564285323728 
0.6840126059765564 
0.6840082525988200 
0.6840382271807871 
0.6840825180029975 
0.6841183401069757 
0.6841311565939081 
0.6841183412514631 
0.6840881329579122 
0.6840542055758511 
0.6840289422305730 
0.6840185998735235 
0.6840221094339018 
0.6840330576181231 
0.6840433706919385 
0.6840467847491801 
0.6840408320499280 
0.6840269566526316 
0.6840090694767578 
0.6839913494993906 
0.6839763167764616 
0.6839639886584440 
0.6839523385163816 
0.6839386339508677 
0.6839208782108659 
0.6838986326954984 
0.6838728950881390 
0.6838452193759453 
0.6838165888716807 
0.6837866388545453 
0.6837537120995851 
0.6837156179666596 
0.6836704262190988 
0.6836173416950825 
0.6835579032229017 
0.6834960087479608 
0.6834357173044773 
0.6833788786166909 
0.6833244685848948 
0.6832691996920843 
0.6832087352356915 
0.6831388033841972 
0.6830553846042410 
0.6829541322032183 
0.6828297093096963 
0.6826749300120305 
0.6824791019859762 
0.6822256537033267 
0.6818887771043493 
0.6814268766161646 
0.6807729003500058 
0.6798231046645690 
0.6784232154502504 
0.6763491717536735 
0.6732829225348425 
0.6687897556502964 
0.6623009528746070 
0.6531071755097627 
0.6403783604941652 
0.6233689749201056 
0.6031238083668102 
0.5846872219634405 
0.5711080289894012 
0.5615809439706538 
0.5550223203595952 
0.5507107524594121 
0.5481283775719707 
0.5467672083323225 
0.5461297637200794 
0.5459056762206098 
0.5458660217823500 
0.5458939691295187 
0.5459418256415740 
0.5460500113921043 
0.5462327115945720 
0.5464370447111483 
0.5465801858715151 
0.5466847160556993 
0.5467884191833684 
0.5469150183161962 
0.5470693071889988 
0.5472212063732992 
0.5473311313631308 
0.5473979153460312 
0.5474243659104860 
0.5474130432549769 
0.5473708528471167 
0.5473007300201733 
0.5471956935153555 
0.5470358452726665 
0.5467784567921767 
0.5463383364277324 
0.5455528082729023 
0.5441147536546135 
0.5414410524148241 
0.5364705564135896 
0.5273023287146897 
0.5105610300714581 
0.4803673926401507 
0.4268707922424025 
0.3348339033853386 
0.1971617142181777 
0.0908873839708627 
0.0405171159620932 
0.0186972722425978 
0.0096271884236548 
0.0057182673280755 
0.0037047677534313 
0.0022689570500329 
0.0008737060103965 
-0.0009131949182804 
-0.0036253618734489 
-0.0078839746681335 
-0.0142380866096388 
-0.0229486242476848 
-0.0336484997441701 
-0.0449134315161790 
-0.0536875739541898 
-0.0574504814555228 
-0.0570893146849255 
-0.0510038022857100 
-0.0374599786034862 
-0.0244011636485094 
-0.0159613714613238 
-0.0102970064379554 
-0.0064926105350998 
-0.0040018970901478 
-0.0024166080699478 
-0.0014329791502239 
-0.0008357889136119 
-0.0004793258990432 
-0.0002683589443563 
-0.0001424959384508 
-0.0000665097164057 
-0.0000229036100135 
-0.0000006519859596 
0.0000081119171873 
0.0000087184224442 
0.0000056303014844 
0.0000021994197456 
0.0000000195220150 
-0.0000007749161787 
-0.0000007349258927 
-0.0000003385162629 
-0.0000003385162629 
-0.0000003385162629 
-0.0000003385162629 
-0.0000003385162629 
0.0000000000000000 
0.0000000000000000 
0.0000000000000000 
0.0000000000000000 
0.0000000000000000 
0.0000000000000000 
0.0000000000000000 
0.0000000000000000 
0.0000000000000000 
0.0000000000000000 
0.0000000000000000 
0.0000000000000000 
0.0000000000000000 
0.0000000000000000 
0.0000000000000000 
0.0000000000000000 
0.0000000000000000 
0.0000000000000000 
0.0000000000000000 
0.0000000000000000 
0.0000000000000000 
0.0000000000000000 
0.0000000000000000 
0.0000000000000000 
0.0000000000000000 
0.0000000000000000 
0.0000000000000000 
0.0000000000000000 
0.0000000000000000 
0.0000000000000000 
0.0000000000000000 
0.0000000000000000 
0.0000000000000000 
0.0000000000000000 
0.0000000000000000 
0.0000000000000000 
0.0000000000000000 
0.0000000000000000 
0.0000000000000000 
0.0000000000000000 
0.0000000000000000 
0.0000000000000000 
0.0000000000000000 
0.0000000000000000 
0.0000000000000000 
0.0000000000000000 
0.0000000000000000 
0.0000000000000000 
0.0000000000000000 
0.0000000000000000 
0.0000000000000000 
0.0000000000000000 
0.0000000000000000 
0.0000000000000000 
0.0000000000000000 
0.0000000000000000 
0.0000000000000000 
0.0000000000000000 
0.0000000000000000 
0.0000000000000000 
0.0000000000000000 
0.0000000000000000 
0.0000000000000000 
0.0000000000000000 
0.0000000000000000 
0.0000000000000000 
0.0000000000000000 
0.0000000000000000 
0.0000000000000000 
0.0000000000000000 
0.0000000000000000 
0.0000000000000000 
0.0000000000000000 
0.0000000000000000 
0.0000000000000000 
0.0000000000000000 
0.0000000000000000 
0.0000000000000000 
0.0000000000000000 
0.0000000000000000 
0.0000000000000000 
0.0000000000000000 
0.0000000000000000 
0.0000000000000000 
0.0000000000000000 
0.0000000000000000 
0.0000000000000000 
0.0000000000000000 
0.0000000000000000 
0.0000000000000000 
0.0000000000000000 
0.0000000000000000 
0.0000000000000000 
0.0000000000000000 
0.0000000000000000 
0.0000000000000000 
0.0000000000000000 
0.0000000000000000 
0.0000000000000000 
0.0000000000000000 
0.0000000000000000 
0.0000000000000000 
0.0000000000000000 
0.0000000000000000 
0.0000000000000000 
0.0000000000000000 
0.0000000000000000 
0.0000000000000000 
0.0000000000000000 
0.0000000000000000 
0.0000000000000000 
0.0000000000000000 
0.0000000000000000 
0.0000000000000000 
0.0000000000000000 
0.0000000000000000 
0.0000000000000000 
0.0000000000000000 
0.0000000000000000 
0.0000000000000000 
0.0000000000000000 
0.0000000000000000 
0.0000000000000000 
0.0000000000000000 
0.0000000000000000 
0.0000000000000000 
0.0000000000000000 
0.0000000000000000 
0.0000000000000000 
0.0000000000000000 
0.0000000000000000 
0.0000000000000000 
0.0000000000000000 
0.0000000000000000 
0.0000000000000000 
0.0000000000000000 
0.0000000000000000 
0.0000000000000000 
0.0000000000000000 
0.0000000000000000 
0.0000000000000000 
0.0000000000000000 
0.0000000000000000 
0.0000000000000000 
0.0000000000000000 
0.0000000000000000 
0.0000000000000000 
0.0000000000000000 
0.0000000000000000 
0.0000000000000000 
0.0000000000000000 
0.0000000000000000 
0.0000000000000000 
0.0000000000000000 
0.0000000000000000 
0.0000000000000000 
0.0000000000000000 
0.0000000000000000 
0.0000000000000000 
0.0000000000000000 
0.0000000000000000 
0.0000000000000000 
0.0000000000000000 
0.0000000000000000 
0.0000000000000000 
0.0000000000000000 
0.0000000000000000 
0.0000000000000000 
0.0000000000000000 
0.0000000000000000 
0.0000000000000000 
0.0000000000000000 
0.0000000000000000 
0.0000000000000000 
0.0000000000000000 
0.0000000000000000 
0.0000000000000000 
0.0000000000000000 
0.0000000000000000 
0.0000000000000000 
0.0000000000000000 
0.0000000000000000 
0.0000000000000000 
0.0000000000000000 
0.0000000000000000 
0.0000000000000000 
0.0000000000000000 
0.0000000000000000 
0.0000000000000000 
0.0000000000000000 
0.0000000000000000 
0.0000000000000000 
0.0000000000000000 
0.0000000000000000 
0.0000000000000000 
0.0000000000000000 
0.0000000000000000 
0.0000000000000000 
0.0000000000000000 
0.0000000000000000 
0.0000000000000000 
0.0000000000000000 
0.0000000000000000 
0.0000000000000000 
0.0000000000000000 
0.0000000000000000 
0.0000000000000000 
0.0000000000000000 
0.0000000000000000 
0.0000000000000000 
0.0000000000000000 
0.0000000000000000 
0.0000000000000000 
0.0000000000000000 
0.0000000000000000 
0.0000000000000000 
0.0000000000000000 
0.0000000000000000 
0.0000000000000000 
0.0000000000000000 
0.0000000000000000 
0.0000000000000000 
0.0000000000000000 
0.0000000000000000 
0.0000000000000000 
0.0000000000000000 
0.0000000000000000 
0.0000000000000000 
0.0000000000000000 
0.0000000000000000 
0.0000000000000000 
0.0000000000000000 
0.0000000000000000 
0.0000000000000000 
0.0000000000000000 
0.0000000000000000 
0.0000000000000000 
0.0000000000000000 
0.0000000000000000 
0.0000000000000000 
0.0000000000000000 
0.0000000000000000 
0.0000000000000000 
0.0000000000000000 
0.0000000000000000 
0.0000000000000000 
0.0000000000000000 
0.0000000000000000 
0.0000000000000000 
0.0000000000000000 
0.0000000000000000 
0.0000000000000000 
0.0000000000000000 
0.0000000000000000 
0.0000000000000000 
0.0000000000000000 
0.0000000000000000 
0.0000000000000000 
0.0000000000000000 
0.0000000000000000 
0.0000000000000000 
0.0000000000000000 
0.0000000000000000 
0.0000000000000000 
0.0000000000000000 
0.0000000000000000 
0.0000000000000000 
0.0000000000000000 
0.0000000000000000 
0.0000000000000000 
0.0000000000000000 
0.0000000000000000 
0.0000000000000000 
0.0000000000000000 
0.0000000000000000 
0.0000000000000000 
0.0000000000000000 
0.0000000000000000 
0.0000000000000000 
0.0000000000000000 
0.0000000000000000 
0.0000000000000000 
0.0000000000000000 
0.0000000000000000 
0.0000000000000000 
0.0000000000000000 
0.0000000000000000 
0.0000000000000000 
0.0000000000000000 
0.0000000000000000 
0.0000000000000000 
0.0000000000000000 
0.0000000000000000 
0.0000000000000000 
0.0000000000000000 
0.0000000000000000 
0.0000000000000000 
0.0000000000000000 
0.0000000000000000 
0.0000000000000000 
0.0000000000000000 
0.0000000000000000 
0.0000000000000000 
0.0000000000000000 
0.0000000000000000 
0.0000000000000000 
0.0000000000000000 
0.0000000000000000 
0.0000000000000000 
0.0000000000000000 
0.0000000000000000 
0.0000000000000000 
0.0000000000000000 
0.0000000000000000 
0.0000000000000000 
0.0000000000000000 
0.0000000000000000 
0.0000000000000000 
0.0000000000000000 
0.0000000000000000 
0.0000000000000000 
0.0000000000000000 
0.0000000000000000 
0.0000000000000000 
0.0000000000000000 
0.0000000000000000 
0.0000000000000000 
0.0000000000000000 
0.0000000000000000 
0.0000000000000000 
0.0000000000000000 
0.0000000000000000 
0.0000000000000000 
0.0000000000000000 
0.0000000000000000 
0.0000000000000000 
0.0000000000000000 
0.0000000000000000 
0.0000000000000000 
0.0000000000000000 
0.0000000000000000 
0.0000000000000000 
0.0000000000000000 
0.0000000000000000 
0.0000000000000000 
0.0000000000000000 
0.0000000000000000 
0.0000000000000000 
0.0000000000000000 
0.0000000000000000 
0.0000000000000000 
0.0000000000000000 
0.0000000000000000 
0.0000000000000000 
0.0000000000000000 
0.0000000000000000 
0.0000000000000000 
0.0000000000000000 
0.0000000000000000 
0.0000000000000000 
0.0000000000000000 
0.0000000000000000 
0.0000000000000000 
0.0000000000000000 
0.0000000000000000 
0.0000000000000000 
0.0000000000000000 
0.0000000000000000 
0.0000000000000000 
0.0000000000000000 
0.0000000000000000 
0.0000000000000000 
0.0000000000000000 
0.0000000000000000 
0.0000000000000000 
0.0000000000000000 
0.0000000000000000 
0.0000000000000000 
0.0000000000000000 
0.0000000000000000 
0.0000000000000000 
0.0000000000000000 
0.0000000000000000 
0.0000000000000000 
0.0000000000000000 
0.0000000000000000 
0.0000000000000000 
0.0000000000000000 
0.0000000000000000 
0.0000000000000000 
0.0000000000000000 
0.0000000000000000 
0.0000000000000000 
0.0000000000000000 
0.0000000000000000 
0.0000000000000000 
0.0000000000000000 
0.0000000000000000 
0.0000000000000000 
0.0000000000000000 
0.0000000000000000 
0.0000000000000000 
0.0000000000000000 
0.0000000000000000 
0.0000000000000000 
0.0000000000000000 
0.0000000000000000 
0.0000000000000000 
0.0000000000000000 
0.0000000000000000 
0.0000000000000000 
0.0000000000000000 
0.0000000000000000 
0.0000000000000000 
0.0000000000000000 
0.0000000000000000 
0.0000000000000000 
0.0000000000000000 
0.0000000000000000 
0.0000000000000000 
0.0000000000000000 
0.0000000000000000 
0.0000000000000000 
0.0000000000000000 
0.0000000000000000 
0.0000000000000000 
0.0000000000000000 
0.0000000000000000 
0.0000000000000000 
0.0000000000000000 
0.0000000000000000 
0.0000000000000000 
0.0000000000000000 
0.0000000000000000 
0.0000000000000000 
0.0000000000000000 
0.0000000000000000 
0.0000000000000000 
0.0000000000000000 
0.0000000000000000 
0.0000000000000000 
0.0000000000000000 
0.0000000000000000 
0.0000000000000000 
0.0000000000000000 
0.0000000000000000 
0.0000000000000000 
0.0000000000000000 
0.0000000000000000 
0.0000000000000000 
0.0000000000000000 
0.0000000000000000 
0.0000000000000000 
0.0000000000000000 
0.0000000000000000 
0.0000000000000000 
0.0000000000000000 
0.0000000000000000 
0.0000000000000000 
0.0000000000000000 
0.0000000000000000 
0.0000000000000000 
0.0000000000000000 
0.0000000000000000 
0.0000000000000000 
0.0000000000000000 
0.0000000000000000 
0.0000000000000000 
0.0000000000000000 
0.0000000000000000 
0.0000000000000000 
0.0000000000000000 
0.0000000000000000 
0.0000000000000000 
0.0000000000000000 
0.0000000000000000 
0.0000000000000000 
0.0000000000000000 
0.0000000000000000 
0.0000000000000000 
0.0000000000000000 
0.0000000000000000 
0.0000000000000000 
0.0000000000000000 
0.0000000000000000 
0.0000000000000000 
0.0000000000000000 
0.0000000000000000 
0.0000000000000000 
0.0000000000000000 
0.0000000000000000 
0.0000000000000000 
0.0000000000000000 
0.0000000000000000 
0.0000000000000000 
0.0000000000000000 
0.0000000000000000 
0.0000000000000000 
0.0000000000000000 
0.0000000000000000 
0.0000000000000000 
0.0000000000000000 
0.0000000000000000 
0.0000000000000000 
0.0000000000000000 
0.0000000000000000 
0.0000000000000000 
0.0000000000000000 
0.0000000000000000 
0.0000000000000000 
0.0000000000000000 
0.0000000000000000 
0.0000000000000000 
0.0000000000000000 
0.0000000000000000 
0.0000000000000000 
0.0000000000000000 
0.0000000000000000 
0.0000000000000000 
0.0000000000000000 
0.0000000000000000 
0.0000000000000000 
0.0000000000000000 
0.0000000000000000 
0.0000000000000000 
0.0000000000000000 
0.0000000000000000 
0.0000000000000000 
1.6249996606620805 
1.6249996606620805 
1.6249996606620805 
1.6249996606620805 
1.6249996606620805 
1.6249992642155904 
1.6249992268547016 
1.6250000235418474 
1.6250021982926794 
1.6250056122530152 
1.6250086818618437 
1.6250081177614744 
1.6249995216907074 
1.6249774729448820 
1.6249339177588993 
1.6248578315443285 
1.6247318433055071 
1.6245208378815361 
1.6241644774815511 
1.6235676174581208 
1.6225847295294560 
1.6210007658235224 
1.6185113380367901 
1.6147029740906664 
1.6090047398431033 
1.6004133852810292 
1.5870186986173780 
1.5737982322936177 
1.5681064633736195 
1.5678642820240314 
1.5716491928231275 
1.5804150811535187 
1.5917021792444441 
1.6022960466636684 
1.6107764727183809 
1.6169809614760506 
1.6212922909807916 
1.6242490483590240 
1.6263570251316610 
1.6280032053709876 
1.6294496239712337 
1.6308665466674137 
1.6323375216429137 
1.6337705164183900 
1.6349563281770734 
1.6358002484563210 
1.6363299020038868 
1.6366212238265820 
1.6367553144860167 
1.6367701548819131 
1.6366341708712033 
1.6361998081571290 
1.6352819517417849 
1.6336829850283288 
1.6311097435966933 
1.6271864951403845 
1.6214614821656417 
1.6134198390623491 
1.6025140345477589 
1.5882168899000115 
1.5700964245580018 
1.5479064215053007 
1.5216878960743621 
1.4918827843824980 
1.4594177235985644 
1.4256014139784148 
1.3917569865027932 
1.3588564203966733 
1.3274303207922329 
1.2976841336964815 
1.2696418567087464 
1.2432423055121260 
1.2183902187082429 
1.1949805826401181 
1.1729094883412048 
1.1520786279482225 
1.1323968548680059 
1.1137804170630492 
1.0961526297549644 
1.0794433545229944 
1.0635884482019307 
1.0485292364666914 
1.0342120157102284 
1.0205875741524424 
1.0076107322890622 
0.9952399165721129 
0.9834367855460224 
0.9721659203735810 
0.9613945769586920 
0.9510924850035931 
0.9412316795160578 
0.9317863628424535 
0.9227328317696718 
0.9140495355505439 
0.9057173777805559 
0.8977204376268830 
0.8900473695724066 
0.8826938278517685 
0.8756662585395747 
0.8689870668802070 
0.8627000633567475 
0.8568730181977409 
0.8515923448379148 
0.8469467209711984 
0.8430033941838995 
0.8397878310678319 
0.8372754086726664 
0.8353968109581673 
0.8340533470257372 
0.8331332985585285 
0.8325274968163831 
0.8321442279937636 
0.8319240137046958 
0.8318202508983072 
0.8318360162950584 
0.8319397515593844 
0.8320593296769745 
0.8321328094521223 
0.8321338645216828 
0.8320724201079192 
0.8319841901300317 
0.8319118102311156 
0.8318824346742877 
0.8319012689843188 
0.8319529205262081 
0.8320115564488140 
0.8320536159404968 
0.8320667981384163 
0.8320523444283786 
0.8320216237455766 
0.8319894300703344 
0.8319674284710423 
0.8319603679135144 
0.8319658937818132 
0.8319771585545555 
0.8319865559055771 
0.8319889115916437 
0.8319830921453003 
0.8319717862709390 
0.8319598756426403 
0.8319522001412337 
0.8319516056353852 
0.8319579665097557 
0.8319684446793126 
0.8319787321758813 
0.8319846985099105 
0.8319838234742267 
0.8319758224672182 
0.8319622685059350 
0.8319459053849128 
0.8319301212422823 
0.8319179396544408 
0.8319108483907456 
0.8319086063587035 
0.8319096041825101 
0.8319112864004755 
0.8319108727978344 
0.8319059655830927 
0.8318946912467233 
0.8318756807735503 
0.8318480378205791 
0.8318110358247455 
0.8317633348595499 
0.8317021815684428 
0.8316227837219623 
0.8315164889381395 
0.8313686018746694 
0.8311560280979459 
0.8308423315344735 
0.8303726032769657 
0.8296719638488769 
0.8286413397637181 
0.8271511400991046 
0.8250389117531536 
0.8221140336253920 
0.8182013496929842 
0.8135119023355689 
0.8092918097214099 
0.8062889234046728 
0.8041425165526617 
0.8025332356114944 
0.8013958035851617 
0.8007484625927471 
0.8004967701553360 
0.8004497348389388 
0.8005147903373039 
0.8005943751601452 
0.8006034160201920 
0.8005758692095394 
0.8005596411016852 
0.8005552124994616 
0.8005401962374566 
0.8005222610284847 
0.8005274498523685 
0.8005732438331181 
0.8006628036761789 
0.8007928711014487 
0.8009309296042504 
0.8010310787390258 
0.8010887769905864 
0.8011035967940519 
0.8010762924772168 
0.8010139417225415 
0.8009208433245079 
0.8007924588340745 
0.8006121586096830 
0.8003422821064127 
0.7999036224524806 
0.7991388760039300 
0.7977512493675660 
0.7951885998765459 
0.7904432097279300 
0.7816960560625116 
0.7657165335233346 
0.7368802207649247 
0.6857619807296949 
0.5977547248567755 
0.4659696382424099 
0.3638464104106549 
0.3149635508477431 
0.2935605435293714 
0.2845913569067867 
0.2807062726543407 
0.2786989759962452 
0.2772650235161696 
0.2758701150486602 
0.2740827652501902 
0.2713697421497990 
0.2671105760523604 
0.2607568177653928 
0.2520474361320351 
0.2413489633005004 
0.2300845718620854 
0.2213096882497998 
0.2175465154181667 
0.2179091883576039 
0.2239961939771160 
0.2375378639352358 
0.2505984919719936 
0.2590386304608716 
0.2647029901857550 
0.2685073880721280 
0.2709981025195805 
0.2725833915134101 
0.2735670204013387 
0.2741642115252635 
0.2745206742261567 
0.2747316412836918 
0.2748575045066206 
0.2749334901835486 
0.2749770959547071 
0.2749993479813753 
0.2750081117594183 
0.2750087187526401 
0.2750056297740269 
0.2750021983832789 
0.2750000201123777 
0.2749992253300377 
0.2749992646350494 
0.2749996612927162 
0.2749996612927162 
0.2749996612927162 
0.2749996612927162 
0.2749996612927162 
0.0000000000000000 
0.0000000000000000 
0.0000000000000000 
0.0000000000000000 
0.0000000000000000 
0.0000000000000000 
0.0000000000000000 
0.0000000000000000 
0.0000000000000000 
0.0000000000000000 
0.0000000000000000 
0.0000000000000000 
0.0000000000000000 
0.0000000000000000 
0.0000000000000000 
0.0000000000000000 
0.0000000000000000 
0.0000000000000000 
0.0000000000000000 
0.0000000000000000 
0.0000000000000000 
0.0000000000000000 
0.0000000000000000 
0.0000000000000000 
0.0000000000000000 
0.0000000000000000 
0.0000000000000000 
0.0000000000000000 
0.0000000000000000 
0.0000000000000000 
0.0000000000000000 
0.0000000000000000 
0.0000000000000000 
0.0000000000000000 
0.0000000000000000 
0.0000000000000000 
0.0000000000000000 
0.0000000000000000 
0.0000000000000000 
0.0000000000000000 
0.0000000000000000 
0.0000000000000000 
0.0000000000000000 
0.0000000000000000 
0.0000000000000000 
0.0000000000000000 
0.0000000000000000 
0.0000000000000000 
0.0000000000000000 
0.0000000000000000 
0.0000000000000000 
0.0000000000000000 
0.0000000000000000 
0.0000000000000000 
0.0000000000000000 
0.0000000000000000 
0.0000000000000000 
0.0000000000000000 
0.0000000000000000 
0.0000000000000000 
0.0000000000000000 
0.0000000000000000 
0.0000000000000000 
0.0000000000000000 
0.0000000000000000 
0.0000000000000000 
0.0000000000000000 
0.0000000000000000 
0.0000000000000000 
0.0000000000000000 
0.0000000000000000 
0.0000000000000000 
0.0000000000000000 
0.0000000000000000 
0.0000000000000000 
0.0000000000000000 
0.0000000000000000 
0.0000000000000000 
0.0000000000000000 
0.0000000000000000 
0.0000000000000000 
0.0000000000000000 
0.0000000000000000 
0.0000000000000000 
0.0000000000000000 
0.0000000000000000 
0.0000000000000000 
0.0000000000000000 
0.0000000000000000 
0.0000000000000000 
0.0000000000000000 
0.0000000000000000 
0.0000000000000000 
0.0000000000000000 
0.0000000000000000 
0.0000000000000000 
0.0000000000000000 
0.0000000000000000 
0.0000000000000000 
0.0000000000000000 
0.0000000000000000 
0.0000000000000000 
0.0000000000000000 
0.0000000000000000 
0.0000000000000000 
0.0000000000000000 
0.0000000000000000 
0.0000000000000000 
0.0000000000000000 
0.0000000000000000 
0.0000000000000000 
0.0000000000000000 
0.0000000000000000 
0.0000000000000000 
0.0000000000000000 
0.0000000000000000 
0.0000000000000000 
0.0000000000000000 
0.0000000000000000 
0.0000000000000000 
0.0000000000000000 
0.0000000000000000 
0.0000000000000000 
0.0000000000000000 
0.0000000000000000 
0.0000000000000000 
0.0000000000000000 
0.0000000000000000 
0.0000000000000000 
0.0000000000000000 
0.0000000000000000 
0.0000000000000000 
0.0000000000000000 
0.0000000000000000 
0.0000000000000000 
0.0000000000000000 
0.0000000000000000 
0.0000000000000000 
0.0000000000000000 
0.0000000000000000 
0.0000000000000000 
0.0000000000000000 
0.0000000000000000 
0.0000000000000000 
0.0000000000000000 
0.0000000000000000 
0.0000000000000000 
0.0000000000000000 
0.0000000000000000 
0.0000000000000000 
0.0000000000000000 
0.0000000000000000 
0.0000000000000000 
0.0000000000000000 
0.0000000000000000 
0.0000000000000000 
0.0000000000000000 
0.0000000000000000 
0.0000000000000000 
0.0000000000000000 
0.0000000000000000 
0.0000000000000000 
0.0000000000000000 
0.0000000000000000 
0.0000000000000000 
0.0000000000000000 
0.0000000000000000 
0.0000000000000000 
0.0000000000000000 
0.0000000000000000 
0.0000000000000000 
0.0000000000000000 
0.0000000000000000 
0.0000000000000000 
0.0000000000000000 
0.0000000000000000 
0.0000000000000000 
0.0000000000000000 
0.0000000000000000 
0.0000000000000000 
0.0000000000000000 
0.0000000000000000 
0.0000000000000000 
0.0000000000000000 
0.0000000000000000 
0.0000000000000000 
0.0000000000000000 
0.0000000000000000 
0.0000000000000000 
0.0000000000000000 
0.0000000000000000 
0.0000000000000000 
0.0000000000000000 
0.0000000000000000 
0.0000000000000000 
0.0000000000000000 
0.0000000000000000 
0.0000000000000000 
0.0000000000000000 
0.0000000000000000 
0.0000000000000000 
0.0000000000000000 
0.0000000000000000 
0.0000000000000000 
0.0000000000000000 
0.0000000000000000 
0.0000000000000000 
0.0000000000000000 
0.0000000000000000 
0.0000000000000000 
0.0000000000000000 
0.0000000000000000 
0.0000000000000000 
0.0000000000000000 
0.0000000000000000 
0.0000000000000000 
0.0000000000000000 
0.0000000000000000 
0.0000000000000000 
0.0000000000000000 
0.0000000000000000 
0.0000000000000000 
0.0000000000000000 
0.0000000000000000 
0.0000000000000000 
0.0000000000000000 
0.0000000000000000 
0.0000000000000000 
0.0000000000000000 
0.0000000000000000 
0.0000000000000000 
0.0000000000000000 
0.0000000000000000 
0.0000000000000000 
0.0000000000000000 
0.0000000000000000 
0.0000000000000000 
0.0000000000000000 
0.0000000000000000 
0.0000000000000000 
0.0000000000000000 
0.0000000000000000 
0.0000000000000000 
0.0000000000000000 
0.0000000000000000 
0.0000000000000000 
0.0000000000000000 
0.0000000000000000 
0.0000000000000000 
0.0000000000000000 
0.0000000000000000 
0.0000000000000000 
0.0000000000000000 
0.0000000000000000 
0.0000000000000000 
0.0000000000000000 
0.0000000000000000 
0.0000000000000000 
0.0000000000000000 
0.0000000000000000 
0.0000000000000000 
0.0000000000000000 
0.0000000000000000 
0.0000000000000000 
0.4999993228354024 
0.4999993228354024 
0.4999993228354024 
0.4999993228354024 
0.4999993228354024 
0.4999985312797746 
0.4999984484771257 
0.5000000159244387 
0.5000043675612874 
0.5000113775124838 
0.5000178974397040 
0.5000163544791679 
0.4999955877934741 
0.4999449261410548 
0.4998550160352346 
0.4997069015132855 
0.4994589372041807 
0.4990369536097969 
0.4983185016516282 
0.4971067729580930 
0.4950920430426551 
0.4917977701424365 
0.4865087537055783 
0.4781807361681698 
0.4653352942332085 
0.4459519747423919 
0.4173827673661059 
0.3763338396418371 
0.3192698929268484 
0.2488749652887818 
0.1825922551131161 
0.1301621374169337 
0.0908255749817154 
0.0621390762988944 
0.0417245682974186 
0.0275196879319700 
0.0178409641976633 
0.0113754232929041 
0.0071364773150411 
0.0044060560035186 
0.0026760596445541 
0.0015960225728965 
0.0009298224937505 
0.0005218512019134 
0.0002718709183041 
0.0001175611786101 
0.0000241764113189 
-0.0000218396166948 
-0.0000288965184767 
-0.0000155935691550 
-0.0000010663025311 
0.0000055530131551 
0.0000048798532633 
0.0000015544374042 
-0.0000007898292544 
-0.0000012184209610 
-0.0000005744700598 
0.0000000757521026 
0.0000002812801150 
0.0000001622353058 
-0.0000000023782305 
-0.0000000650823639 
-0.0000000405271933 
0.0000000000378231 
0.0000000156685790 
0.0000000092699820 
-0.0000000006338782 
-0.0000000038873399 
-0.0000000018974309 
0.0000000004500088 
0.0000000009480991 
0.0000000003140843 
-0.0000000001976112 
-0.0000000002118455 
-0.0000000000263986 
0.0000000000659073 
0.0000000000389124 
-0.0000000000072875 
-0.0000000000171983 
-0.0000000000043458 
0.0000000000044927 
0.0000000000032771 
-0.0000000000003969 
-0.0000000000013111 
-0.0000000000003129 
0.0000000000003594 
0.0000000000002264 
-0.0000000000000558 
-0.0000000000000960 
-0.0000000000000082 
0.0000000000000311 
0.0000000000000110 
-0.0000000000000083 
-0.0000000000000062 
0.0000000000000010 
0.0000000000000020 
-0.0000000000000001 
-0.0000000000000009 
-0.0000000000000002 
0.0000000000000004 
0.0000000000000003 
0.0000000000000002 
0.0000000000000002 
0.0000000000000002 
0.0000000000000000 
-0.0000000000000001 
-0.0000000000000001 
0.0000000000000001 
0.0000000000000001 
0.0000000000000002 
0.0000000000000004 
0.0000000000000003 
0.0000000000000003 
0.0000000000000002 
0.0000000000000002 
-0.0000000000000000 
-0.0000000000000000 
0.0000000000000001 
0.0000000000000001 
0.0000000000000001 
0.0000000000000002 
0.0000000000000003 
0.0000000000000002 
-0.0000000000000000 
-0.0000000000000000 
-0.0000000000000002 
-0.0000000000000003 
-0.0000000000000003 
-0.0000000000000004 
-0.0000000000000003 
-0.0000000000000002 
-0.0000000000000002 
-0.0000000000000001 
0.0000000000000000 
0.0000000000000001 
0.0000000000000000 
0.0000000000000002 
0.0000000000000002 
-0.0000000000000000 
-0.0000000000000001 
-0.0000000000000001 
-0.0000000000000001 
-0.0000000000000001 
-0.0000000000000001 
-0.0000000000000001 
-0.0000000000000001 
-0.0000000000000003 
-0.0000000000000003 
-0.0000000000000004 
-0.0000000000000004 
-0.0000000000000003 
-0.0000000000000002 
-0.0000000000000002 
-0.0000000000000002 
-0.0000000000000000 
-0.0000000000000001 
-0.0000000000000002 
-0.0000000000000001 
-0.0000000000000000 
0.0000000000000001 
0.0000000000000000 
-0.0000000000000001 
-0.0000000000000002 
-0.0000000000000003 
-0.0000000000000003 
0.0000000000000001 
0.0000000000000006 
-0.0000000000000003 
-0.0000000000000026 
-0.0000000000000017 
0.0000000000000055 
0.0000000000000078 
-0.0000000000000111 
-0.0000000000000309 
0.0000000000000084 
0.0000000000000962 
0.0000000000000559 
-0.0000000000002265 
-0.0000000000003596 
0.0000000000003127 
0.0000000000013108 
0.0000000000003964 
-0.0000000000032774 
-0.0000000000044930 
0.0000000000043456 
0.0000000000171980 
0.0000000000072872 
-0.0000000000389126 
-0.0000000000659075 
0.0000000000263985 
0.0000000002118455 
0.0000000001976113 
-0.0000000003140841 
-0.0000000009480988 
-0.0000000004500085 
0.0000000018974311 
0.0000000038873401 
0.0000000006338784 
-0.0000000092699818 
-0.0000000156685788 
-0.0000000000378230 
0.0000000405271933 
0.0000000650823637 
0.0000000023782303 
-0.0000001622353059 
-0.0000002812801152 
-0.0000000757521028 
0.0000005744700595 
0.0000012184209607 
0.0000007898292544 
-0.0000015544374041 
-0.0000048798532632 
-0.0000055530131551 
0.0000010663025313 
0.0000155935691551 
0.0000288965184769 
0.0000218396166944 
-0.0000241764113191 
-0.0001175611786099 
-0.0002718709183034 
-0.0005218512019130 
-0.0009298224937505 
-0.0015960225728964 
-0.0026760596445537 
-0.0044060560035182 
-0.0071364773150409 
-0.0113754232929040 
-0.0178409641976629 
-0.0275196879319694 
-0.0417245682974182 
-0.0621390762988942 
-0.0908255749817156 
-0.1301621374169339 
-0.1825922551131159 
-0.2488749652887812 
-0.3192698929268488 
-0.3763338396418373 
-0.4173827673661055 
-0.4459519747423919 
-0.4653352942332082 
-0.4781807361681705 
-0.4865087537055774 
-0.4917977701424371 
-0.4950920430426547 
-0.4971067729580925 
-0.4983185016516276 
-0.4990369536097969 
-0.4994589372041804 
-0.4997069015132851 
-0.4998550160352342 
-0.4999449261410543 
-0.4999955877934737 
-0.5000163544791675 
-0.5000178974397036 
-0.5000113775124834 
-0.5000043675612870 
-0.5000000159244382 
-0.4999984484771253 
-0.4999985312797742 
-0.4999993228354020 
-0.4999993228354020 
-0.4999993228354020 
-0.4999993228354020 
-0.4999993228354020 
0.0000000000000000 
0.0000000000000000 
0.0000000000000000 
0.0000000000000000 
0.0000000000000000 
0.0000000000000000 
0.0000000000000000 
0.0000000000000000 
0.0000000000000000 
0.0000000000000000 
0.0000000000000000 
0.0000000000000000 
0.0000000000000000 
0.0000000000000000 
0.0000000000000000 
0.0000000000000000 
0.0000000000000000 
0.0000000000000000 
0.0000000000000000 
0.0000000000000000 
0.0000000000000000 
0.0000000000000000 
0.0000000000000000 
0.0000000000000000 
0.0000000000000000 
0.0000000000000000 
0.0000000000000000 
0.0000000000000000 
0.0000000000000000 
0.0000000000000000 
0.0000000000000000 
0.0000000000000000 
0.0000000000000000 
0.0000000000000000 
0.0000000000000000 
0.0000000000000000 
0.0000000000000000 
0.0000000000000000 
0.0000000000000000 
0.0000000000000000 
0.0000000000000000 
0.0000000000000000 
0.0000000000000000 
0.0000000000000000 
0.0000000000000000 
0.0000000000000000 
0.0000000000000000 
0.0000000000000000 
0.0000000000000000 
0.0000000000000000 
0.0000000000000000 
0.0000000000000000 
0.0000000000000000 
0.0000000000000000 
0.0000000000000000 
0.0000000000000000 
0.0000000000000000 
0.0000000000000000 
0.0000000000000000 
0.0000000000000000 
0.0000000000000000 
0.0000000000000000 
0.0000000000000000 
0.0000000000000000 
0.0000000000000000 
0.0000000000000000 
0.0000000000000000 
0.0000000000000000 
0.0000000000000000 
0.0000000000000000 
0.0000000000000000 
0.0000000000000000 
0.0000000000000000 
0.0000000000000000 
0.0000000000000000 
0.0000000000000000 
0.0000000000000000 
0.0000000000000000 
0.0000000000000000 
0.0000000000000000 
0.0000000000000000 
0.0000000000000000 
0.0000000000000000 
0.0000000000000000 
0.0000000000000000 
0.0000000000000000 
0.0000000000000000 
0.0000000000000000 
0.0000000000000000 
0.0000000000000000 
0.0000000000000000 
0.0000000000000000 
0.0000000000000000 
0.0000000000000000 
0.0000000000000000 
0.0000000000000000 
0.0000000000000000 
0.0000000000000000 
0.0000000000000000 
0.0000000000000000 
0.0000000000000000 
0.0000000000000000 
0.0000000000000000 
0.0000000000000000 
0.0000000000000000 
0.0000000000000000 
0.0000000000000000 
0.0000000000000000 
0.0000000000000000 
0.0000000000000000 
0.0000000000000000 
0.0000000000000000 
0.0000000000000000 
0.0000000000000000 
0.0000000000000000 
0.0000000000000000 
0.0000000000000000 
0.0000000000000000 
0.0000000000000000 
0.0000000000000000 
0.0000000000000000 
0.0000000000000000 
0.0000000000000000 
0.0000000000000000 
0.0000000000000000 
0.0000000000000000 
0.0000000000000000 
0.0000000000000000 
0.0000000000000000 
0.0000000000000000 
0.0000000000000000 
0.0000000000000000 
0.0000000000000000 
0.0000000000000000 
0.0000000000000000 
0.0000000000000000 
0.0000000000000000 
0.0000000000000000 
0.0000000000000000 
0.0000000000000000 
0.0000000000000000 
0.0000000000000000 
0.0000000000000000 
0.0000000000000000 
0.0000000000000000 
0.0000000000000000 
0.0000000000000000 
0.0000000000000000 
0.0000000000000000 
0.0000000000000000 
0.0000000000000000 
0.0000000000000000 
0.0000000000000000 
0.0000000000000000 
0.0000000000000000 
0.0000000000000000 
0.0000000000000000 
0.0000000000000000 
0.0000000000000000 
0.0000000000000000 
0.0000000000000000 
0.0000000000000000 
0.0000000000000000 
0.0000000000000000 
0.0000000000000000 
0.0000000000000000 
0.0000000000000000 
0.0000000000000000 
0.0000000000000000 
0.0000000000000000 
0.0000000000000000 
0.0000000000000000 
0.0000000000000000 
0.0000000000000000 
0.0000000000000000 
0.0000000000000000 
0.0000000000000000 
0.0000000000000000 
0.0000000000000000 
0.0000000000000000 
0.0000000000000000 
0.0000000000000000 
0.0000000000000000 
0.0000000000000000 
0.0000000000000000 
0.0000000000000000 
0.0000000000000000 
0.0000000000000000 
0.0000000000000000 
0.0000000000000000 
0.0000000000000000 
0.0000000000000000 
0.0000000000000000 
0.0000000000000000 
0.0000000000000000 
0.0000000000000000 
0.0000000000000000 
0.0000000000000000 
0.0000000000000000 
0.0000000000000000 
0.0000000000000000 
0.0000000000000000 
0.0000000000000000 
0.0000000000000000 
0.0000000000000000 
0.0000000000000000 
0.0000000000000000 
0.0000000000000000 
0.0000000000000000 
0.0000000000000000 
0.0000000000000000 
0.0000000000000000 
0.0000000000000000 
0.0000000000000000 
0.0000000000000000 
0.0000000000000000 
0.0000000000000000 
0.0000000000000000 
0.0000000000000000 
0.0000000000000000 
0.0000000000000000 
0.0000000000000000 
0.0000000000000000 
0.0000000000000000 
0.0000000000000000 
0.0000000000000000 
0.0000000000000000 
0.0000000000000000 
0.0000000000000000 
0.0000000000000000 
0.0000000000000000 
0.0000000000000000 
0.0000000000000000 
0.0000000000000000 
0.0000000000000000 
0.0000000000000000 
0.0000000000000000 
0.0000000000000000 
0.0000000000000000 
0.0000000000000000 
0.0000000000000000 
0.0000000000000000 
0.0000000000000000 
0.0000000000000000 
0.0000000000000000 
0.0000000000000000 
0.0000000000000000 
0.0000000000000000 
0.0000000000000000 
0.0000000000000000 
0.0000000000000000 
0.0000000000000000 
0.0000000000000000 
0.0000000000000000 
0.0000000000000000 
0.0000000000000000 
0.0000000000000000 
0.0000000000000000 
0.0000000000000000 
0.0000000000000000 
0.0000000000000000 
0.0000000000000000 
0.0000000000000000 
0.0000000000000000 
0.0000000000000000 
0.0000000000000000 
0.0000000000000000 
0.0000000000000000 
0.0000000000000000 
0.0000000000000000 
0.0000000000000000 
0.0000000000000000 
0.0000000000000000 
0.0000000000000000 
0.0000000000000000 
0.0000000000000000 
0.0000000000000000 
0.0000000000000000 
0.0000000000000000 
0.0000000000000000 
0.0000000000000000 
0.0000000000000000 
0.0000000000000000 
0.0000000000000000 
0.0000000000000000 
0.0000000000000000 
0.0000000000000000 
0.0000000000000000 
0.0000000000000000 
0.0000000000000000 
0.0000000000000000 
0.0000000000000000 
0.0000000000000000 
0.0000000000000000 
0.0000000000000000 
0.0000000000000000 
0.0000000000000000 
0.0000000000000000 
0.0000000000000000 
0.0000000000000000 
0.0000000000000000 
0.0000000000000000 
0.0000000000000000 
0.0000000000000000 
0.0000000000000000 
0.0000000000000000 
0.0000000000000000 
0.0000000000000000 
0.0000000000000000 
0.0000000000000000 
0.0000000000000000 
0.0000000000000000 
0.0000000000000000 
0.0000000000000000 
0.0000000000000000 
0.0000000000000000 
0.0000000000000000 
0.0000000000000000 
0.0000000000000000 
0.0000000000000000 
0.0000000000000000 
0.0000000000000000 
0.0000000000000000 
0.0000000000000000 
0.0000000000000000 
0.0000000000000000 
0.0000000000000000 
0.0000000000000000 
0.0000000000000000 
0.0000000000000000 
0.0000000000000000 
0.0000000000000000 
0.0000000000000000 
0.0000000000000000 
0.0000000000000000 
0.0000000000000000 
0.0000000000000000 
0.0000000000000000 
0.0000000000000000 
0.0000000000000000 
0.0000000000000000 
0.0000000000000000 
0.0000000000000000 
0.0000000000000000 
0.0000000000000000 
0.0000000000000000 
0.0000000000000000 
0.0000000000000000 
0.0000000000000000 
0.0000000000000000 
0.0000000000000000 
0.0000000000000000 
0.0000000000000000 
0.0000000000000000 
0.0000000000000000 
0.0000000000000000 
0.0000000000000000 
0.0000000000000000 
0.0000000000000000 
0.0000000000000000 
0.0000000000000000 
0.0000000000000000 
0.0000000000000000 
0.0000000000000000 
0.0000000000000000 
0.0000000000000000 
0.0000000000000000 
0.0000000000000000 
0.0000000000000000 
0.0000000000000000 
0.0000000000000000 
0.0000000000000000 
0.0000000000000000 
0.0000000000000000 
0.0000000000000000 
0.0000000000000000 
0.0000000000000000 
0.0000000000000000 
0.0000000000000000 
0.0000000000000000 
0.0000000000000000 
0.0000000000000000 
0.0000000000000000 
0.0000000000000000 
0.0000000000000000 
0.0000000000000000 
0.0000000000000000 
0.0000000000000000 
0.0000000000000000 
0.0000000000000000 
0.0000000000000000 
0.0000000000000000 
0.0000000000000000 
0.0000000000000000 
0.0000000000000000 
0.0000000000000000 
0.0000000000000000 
0.0000000000000000 
0.0000000000000000 
0.0000000000000000 
0.0000000000000000 
0.0000000000000000 
0.0000000000000000 
0.0000000000000000 
0.0000000000000000 
0.0000000000000000 
0.0000000000000000 
0.0000000000000000 
0.0000000000000000 
0.0000000000000000 
0.0000000000000000 
0.0000000000000000 
0.0000000000000000 
0.0000000000000000 
0.0000000000000000 
0.0000000000000000 
0.0000000000000000 
0.0000000000000000 
0.0000000000000000 
0.0000000000000000 
0.0000000000000000 
0.0000000000000000 
0.0000000000000000 
0.0000000000000000 
0.0000000000000000 
0.0000000000000000 
0.0000000000000000 
0.0000000000000000 
0.0000000000000000 
0.0000000000000000 
0.0000000000000000 
0.0000000000000000 
0.0000000000000000 
0.0000000000000000 
0.0000000000000000 
0.0000000000000000 
0.0000000000000000 
0.0000000000000000 
0.0000000000000000 
0.0000000000000000 
0.0000000000000000 
0.0000000000000000 
0.0000000000000000 
0.0000000000000000 
0.0000000000000000 
0.0000000000000000 
0.0000000000000000 
0.0000000000000000 
0.0000000000000000 
0.0000000000000000 
0.0000000000000000 
0.0000000000000000 
0.0000000000000000 
0.0000000000000000 
0.0000000000000000 
0.0000000000000000 
0.0000000000000000 
0.0000000000000000 
0.0000000000000000 
0.0000000000000000 
0.0000000000000000 
0.0000000000000000 
0.0000000000000000 
0.0000000000000000 
0.0000000000000000 
0.0000000000000000 
0.0000000000000000 
0.0000000000000000 
0.0000000000000000 
0.0000000000000000 
0.0000000000000000 
0.0000000000000000 
0.0000000000000000 
0.0000000000000000 
0.0000000000000000 
0.0000000000000000 
0.0000000000000000 
0.0000000000000000 
0.0000000000000000 
0.0000000000000000 
0.0000000000000000 
0.0000000000000000 
0.0000000000000000 
0.0000000000000000 
0.0000000000000000 
0.0000000000000000 
0.0000000000000000 
0.0000000000000000 
0.0000000000000000 
0.0000000000000000 
0.0000000000000000 
0.0000000000000000 
0.0000000000000000 
0.0000000000000000 
0.0000000000000000 
0.0000000000000000 
0.0000000000000000 
0.0000000000000000 
0.0000000000000000 
0.0000000000000000 
0.0000000000000000 
0.0000000000000000 
0.0000000000000000 
0.0000000000000000 
0.0000000000000000 
0.0000000000000000 
0.0000000000000000 
0.0000000000000000 
0.0000000000000000 
0.0000000000000000 
0.0000000000000000 
0.0000000000000000 
0.0000000000000000 
0.0000000000000000 
0.0000000000000000 
0.0000000000000000 
0.0000000000000000 
0.0000000000000000 
0.0000000000000000 
0.0000000000000000 
0.0000000000000000 
0.0000000000000000 
0.0000000000000000 
0.0000000000000000 
0.0000000000000000 
0.0000000000000000 
0.0000000000000000 
0.0000000000000000 
0.0000000000000000 
0.0000000000000000 
0.0000000000000000 
0.0000000000000000 
0.0000000000000000 
0.0000000000000000 
0.0000000000000000 
0.0000000000000000 
0.0000000000000000 
0.0000000000000000 
0.0000000000000000 
0.0000000000000000 
0.0000000000000000 
0.0000000000000000 
0.0000000000000000 
0.0000000000000000 
0.0000000000000000 
0.0000000000000000 
0.0000000000000000 
0.0000000000000000 
0.0000000000000000 
0.0000000000000000 
0.0000000000000000 
0.0000000000000000 
0.0000000000000000 
0.0000000000000000 
0.0000000000000000 
0.0000000000000000 
0.0000000000000000 
0.0000000000000000 
0.0000000000000000 
0.0000000000000000 
0.0000000000000000 
0.0000000000000000 
0.0000000000000000 
0.0000000000000000 
0.0000000000000000 
0.0000000000000000 
0.0000000000000000 
0.0000000000000000 
0.0000000000000000 
0.0000000000000000 
0.0000000000000000 
0.0000000000000000 
0.0000000000000000 
0.0000000000000000 
0.0000000000000000 
0.0000000000000000 
0.0000000000000000 
0.0000000000000000 
0.0000000000000000 
0.0000000000000000 
0.0000000000000000 
0.0000000000000000 
0.0000000000000000 
0.0000000000000000 
0.0000000000000000 
0.0000000000000000 
0.0000000000000000 
0.0000000000000000 
0.0000000000000000 
0.0000000000000000 
0.0000000000000000 
0.0000000000000000 
0.0000000000000000 
0.0000000000000000 
0.0000000000000000 
0.0000000000000000 
0.0000000000000000 
0.0000000000000000 
0.0000000000000000 
0.0000000000000000 
0.0000000000000000 
0.0000000000000000 
0.0000000000000000 
0.0000000000000000 
0.0000000000000000 
0.0000000000000000 
0.0000000000000000 
0.0000000000000000 
0.0000000000000000 
0.0000000000000000 
0.0000000000000000 
0.0000000000000000 
0.0000000000000000 
0.0000000000000000 
0.0000000000000000 
0.0000000000000000 
0.0000000000000000 
0.0000000000000000 
0.0000000000000000 
0.0000000000000000 
0.0000000000000000 
0.0000000000000000 
0.0000000000000000 
0.0000000000000000 
0.0000000000000000 
0.0000000000000000 
0.0000000000000000 
0.0000000000000000 
0.0000000000000000 
0.0000000000000000 
0.0000000000000000 
0.0000000000000000 
0.0000000000000000 
0.0000000000000000 
0.0000000000000000 
0.0000000000000000 
0.0000000000000000 
0.0000000000000000 
0.0000000000000000 
0.0000000000000000 
0.0000000000000000 
0.0000000000000000 
0.0000000000000000 
0.0000000000000000 
0.0000000000000000 
0.0000000000000000 
0.0000000000000000 
0.0000000000000000 
0.0000000000000000 
0.0000000000000000 
0.0000000000000000 
0.0000000000000000 
0.0000000000000000 
0.0000000000000000 
0.0000000000000000 
0.0000000000000000 
0.0000000000000000 
0.0000000000000000 
0.0000000000000000 
0.0000000000000000 
0.0000000000000000 
0.0000000000000000 
0.0000000000000000 
0.0000000000000000 
0.0000000000000000 
0.0000000000000000 
0.0000000000000000 
0.0000000000000000 
0.0000000000000000 
0.0000000000000000 
0.0000000000000000 
0.0000000000000000 
0.0000000000000000 
0.0000000000000000 
0.0000000000000000 
0.0000000000000000 
0.0000000000000000 
0.0000000000000000 
0.0000000000000000 
0.0000000000000000 
0.0000000000000000 
0.0000000000000000 
0.0000000000000000 
0.0000000000000000 
0.0000000000000000 
0.0000000000000000 
0.0000000000000000 
0.0000000000000000 
0.0000000000000000 
0.0000000000000000 
0.0000000000000000 
0.0000000000000000 
0.0000000000000000 
0.0000000000000000 
0.0000000000000000 
0.0000000000000000 
0.0000000000000000 
0.0000000000000000 
0.0000000000000000 
0.0000000000000000 
0.0000000000000000 
0.0000000000000000 
0.0000000000000000 
0.0000000000000000 
0.0000000000000000 
0.0000000000000000 
0.0000000000000000 
0.0000000000000000 
0.0000000000000000 
0.0000000000000000 
0.0000000000000000 
0.0000000000000000 
0.0000000000000000 
0.0000000000000000 
0.0000000000000000 
0.0000000000000000 
0.0000000000000000 
0.0000000000000000 
0.0000000000000000 
0.0000000000000000 
0.0000000000000000 
0.0000000000000000 
0.0000000000000000 
0.0000000000000000 
0.0000000000000000 
0.0000000000000000 
0.0000000000000000 
0.0000000000000000 
0.0000000000000000 
0.0000000000000000 
0.0000000000000000 
0.0000000000000000 
0.0000000000000000 
0.0000000000000000 
0.0000000000000000 
0.0000000000000000 
0.0000000000000000 
0.0000000000000000 
0.0000000000000000 
0.0000000000000000 
0.0000000000000000 
0.0000000000000000 
0.0000000000000000 
0.0000000000000000 
0.0000000000000000 
0.0000000000000000 
0.0000000000000000 
0.0000000000000000 
0.0000000000000000 
0.0000000000000000 
0.0000000000000000 
0.0000000000000000 
0.0000000000000000 
0.0000000000000000 
0.0000000000000000 
0.0000000000000000 
0.0000000000000000 
0.0000000000000000 
0.0000000000000000 
0.0000000000000000 
0.0000000000000000 
0.0000000000000000 
0.0000000000000000 
0.0000000000000000 
0.0000000000000000 
0.0000000000000000 
0.0000000000000000 
0.0000000000000000 
0.0000000000000000 
0.0000000000000000 
0.0000000000000000 
0.0000000000000000 
0.0000000000000000 
0.0000000000000000 
0.0000000000000000 
0.0000000000000000 
0.0000000000000000 
0.0000000000000000 
0.0000000000000000 
0.0000000000000000 
0.0000000000000000 
0.0000000000000000 
0.0000000000000000 
0.0000000000000000 
0.0000000000000000 
0.0000000000000000 
0.0000000000000000 
0.0000000000000000 
0.0000000000000000 
0.0000000000000000 
0.0000000000000000 
0.0000000000000000 
-0.0000006771645978 
-0.0000006771645978 
-0.0000006771645978 
-0.0000006771645978 
-0.0000006771645978 
-0.0000014687202256 
-0.0000015515228744 
0.0000000159244384 
0.0000043675612872 
0.0000113775124838 
0.0000178974397040 
0.0000163544791679 
-0.0000044122065260 
-0.0000550738589453 
-0.0001449839647654 
-0.0002930984867144 
-0.0005410627958192 
-0.0009630463902031 
-0.0016814983483717 
-0.0028932270419069 
-0.0049079569573446 
-0.0082022298575634 
-0.0134912462944217 
-0.0218192638318302 
-0.0346647057667915 
-0.0540480252576082 
-0.0826172326338942 
-0.1236661603581631 
-0.1807301070731517 
-0.2511250347112184 
-0.3174077448868841 
-0.3698378625830662 
-0.4091744250182844 
-0.4378609237011056 
-0.4582754317025813 
-0.4724803120680301 
-0.4821590358023368 
-0.4886245767070960 
-0.4928635226849589 
-0.4955939439964814 
-0.4973239403554461 
-0.4984039774271035 
-0.4990701775062495 
-0.4994781487980867 
-0.4997281290816961 
-0.4998824388213901 
-0.4999758235886811 
-0.5000218396166948 
-0.5000288965184765 
-0.5000155935691550 
-0.5000010663025310 
-0.4999944469868449 
-0.4999951201467369 
-0.4999984455625959 
-0.5000007898292544 
-0.5000012184209607 
-0.5000005744700594 
-0.4999999242478971 
-0.4999997187198848 
-0.4999998377646941 
-0.5000000023782305 
-0.5000000650823639 
-0.5000000405271935 
-0.4999999999621771 
-0.4999999843314211 
-0.4999999907300180 
-0.5000000006338783 
-0.5000000038873400 
-0.5000000018974309 
-0.4999999995499913 
-0.4999999990519011 
-0.4999999996859159 
-0.5000000001976113 
-0.5000000002118454 
-0.5000000000263984 
-0.4999999999340926 
-0.4999999999610876 
-0.5000000000072874 
-0.5000000000171981 
-0.5000000000043457 
-0.4999999999955072 
-0.4999999999967228 
-0.5000000000003967 
-0.5000000000013111 
-0.5000000000003130 
-0.4999999999996406 
-0.4999999999997736 
-0.5000000000000558 
-0.5000000000000961 
-0.5000000000000083 
-0.4999999999999689 
-0.4999999999999888 
-0.5000000000000080 
-0.5000000000000058 
-0.4999999999999986 
-0.4999999999999977 
-0.4999999999999999 
-0.5000000000000008 
-0.5000000000000001 
-0.4999999999999996 
-0.4999999999999997 
-0.4999999999999999 
-0.5000000000000000 
-0.5000000000000000 
-0.5000000000000000 
-0.4999999999999999 
-0.4999999999999999 
-0.5000000000000000 
-0.4999999999999999 
-0.5000000000000000 
-0.4999999999999999 
-0.4999999999999999 
-0.4999999999999999 
-0.4999999999999999 
-0.5000000000000000 
-0.4999999999999999 
-0.4999999999999999 
-0.4999999999999999 
-0.4999999999999999 
-0.4999999999999999 
-0.4999999999999998 
-0.4999999999999998 
-0.4999999999999998 
-0.4999999999999999 
-0.4999999999999999 
-0.4999999999999999 
-0.4999999999999999 
-0.4999999999999999 
-0.4999999999999998 
-0.4999999999999999 
-0.4999999999999999 
-0.4999999999999999 
-0.4999999999999999 
-0.4999999999999999 
-0.4999999999999999 
-0.5000000000000000 
-0.4999999999999999 
-0.4999999999999999 
-0.4999999999999999 
-0.4999999999999999 
-0.4999999999999999 
-0.4999999999999999 
-0.4999999999999999 
-0.4999999999999998 
-0.4999999999999999 
-0.4999999999999998 
-0.4999999999999999 
-0.4999999999999999 
-0.4999999999999999 
-0.5000000000000000 
-0.4999999999999999 
-0.5000000000000000 
-0.5000000000000000 
-0.4999999999999999 
-0.5000000000000000 
-0.4999999999999999 
-0.4999999999999999 
-0.4999999999999999 
-0.4999999999999998 
-0.4999999999999998 
-0.4999999999999999 
-0.4999999999999998 
-0.4999999999999998 
-0.4999999999999996 
-0.4999999999999994 
-0.4999999999999997 
-0.5000000000000004 
-0.4999999999999997 
-0.4999999999999976 
-0.4999999999999986 
-0.5000000000000058 
-0.5000000000000078 
-0.4999999999999889 
-0.4999999999999690 
-0.5000000000000083 
-0.5000000000000963 
-0.5000000000000558 
-0.4999999999997734 
-0.4999999999996405 
-0.5000000000003129 
-0.5000000000013107 
-0.5000000000003963 
-0.4999999999967226 
-0.4999999999955071 
-0.5000000000043457 
-0.5000000000171982 
-0.5000000000072874 
-0.4999999999610876 
-0.4999999999340926 
-0.5000000000263984 
-0.5000000002118453 
-0.5000000001976113 
-0.4999999996859159 
-0.4999999990519010 
-0.4999999995499913 
-0.5000000018974310 
-0.5000000038873400 
-0.5000000006338784 
-0.4999999907300181 
-0.4999999843314211 
-0.4999999999621770 
-0.5000000405271933 
-0.5000000650823637 
-0.5000000023782303 
-0.4999998377646938 
-0.4999997187198846 
-0.4999999242478972 
-0.5000005744700596 
-0.5000012184209608 
-0.5000007898292543 
-0.4999984455625959 
-0.4999951201467369 
-0.4999944469868450 
-0.5000010663025315 
-0.5000155935691551 
-0.5000288965184768 
-0.5000218396166943 
-0.4999758235886809 
-0.4998824388213899 
-0.4997281290816964 
-0.4994781487980871 
-0.4990701775062497 
-0.4984039774271036 
-0.4973239403554464 
-0.4955939439964818 
-0.4928635226849592 
-0.4886245767070960 
-0.4821590358023370 
-0.4724803120680306 
-0.4582754317025818 
-0.4378609237011058 
-0.4091744250182845 
-0.3698378625830661 
-0.3174077448868839 
-0.2511250347112186 
-0.1807301070731510 
-0.1236661603581626 
-0.0826172326338944 
-0.0540480252576080 
-0.0346647057667916 
-0.0218192638318292 
-0.0134912462944219 
-0.0082022298575620 
-0.0049079569573443 
-0.0028932270419065 
-0.0016814983483713 
-0.0009630463902020 
-0.0005410627958187 
-0.0002930984867140 
-0.0001449839647649 
-0.0000550738589449 
-0.0000044122065254 
0.0000163544791685 
0.0000178974397045 
0.0000113775124842 
0.0000043675612877 
0.0000000159244389 
-0.0000015515228739 
-0.0000014687202252 
-0.0000006771645975 
-0.0000006771645975 
-0.0000006771645975 
-0.0000006771645975 
-0.0000006771645975 
0.0000000000000000 
0.0000000000000000 
0.0000000000000000 
0.0000000000000000 
0.0000000000000000 
0.0000000000000000 
0.0000000000000000 
0.0000000000000000 
0.0000000000000000 
0.0000000000000000 
0.0000000000000000 
0.0000000000000000 
0.0000000000000000 
0.0000000000000000 
0.0000000000000000 
0.0000000000000000 
0.0000000000000000 
0.0000000000000000 
0.0000000000000000 
0.0000000000000000 
0.0000000000000000 
0.0000000000000000 
0.0000000000000000 
0.0000000000000000 
0.0000000000000000 
0.0000000000000000 
0.0000000000000000 
0.0000000000000000 
0.0000000000000000 
0.0000000000000000 
0.0000000000000000 
0.0000000000000000 
0.0000000000000000 
0.0000000000000000 
0.0000000000000000 
0.0000000000000000 
0.0000000000000000 
0.0000000000000000 
0.0000000000000000 
0.0000000000000000 
0.0000000000000000 
0.0000000000000000 
0.0000000000000000 
0.0000000000000000 
0.0000000000000000 
0.0000000000000000 
0.0000000000000000 
0.0000000000000000 
0.0000000000000000 
0.0000000000000000 
0.0000000000000000 
0.0000000000000000 
0.0000000000000000 
0.0000000000000000 
0.0000000000000000 
0.0000000000000000 
0.0000000000000000 
0.0000000000000000 
0.0000000000000000 
0.0000000000000000 
0.0000000000000000 
0.0000000000000000 
0.0000000000000000 
0.0000000000000000 
0.0000000000000000 
0.0000000000000000 
0.0000000000000000 
0.0000000000000000 
0.0000000000000000 
0.0000000000000000 
0.0000000000000000 
0.0000000000000000 
0.0000000000000000 
0.0000000000000000 
0.0000000000000000 
0.0000000000000000 
0.0000000000000000 
0.0000000000000000 
0.0000000000000000 
0.0000000000000000 
0.0000000000000000 
0.0000000000000000 
0.0000000000000000 
0.0000000000000000 
0.0000000000000000 
0.0000000000000000 
0.0000000000000000 
0.0000000000000000 
0.0000000000000000 
0.0000000000000000 
0.0000000000000000 
0.0000000000000000 
0.0000000000000000 
0.0000000000000000 
0.0000000000000000 
0.0000000000000000 
0.0000000000000000 
0.0000000000000000 
0.0000000000000000 
0.0000000000000000 
0.0000000000000000 
0.0000000000000000 
0.0000000000000000 
0.0000000000000000 
0.0000000000000000 
0.0000000000000000 
0.0000000000000000 
0.0000000000000000 
0.0000000000000000 
0.0000000000000000 
0.0000000000000000 
0.0000000000000000 
0.0000000000000000 
0.0000000000000000 
0.0000000000000000 
0.0000000000000000 
0.0000000000000000 
0.0000000000000000 
0.0000000000000000 
0.0000000000000000 
0.0000000000000000 
0.0000000000000000 
0.0000000000000000 
0.0000000000000000 
0.0000000000000000 
0.0000000000000000 
0.0000000000000000 
0.0000000000000000 
0.0000000000000000 
0.0000000000000000 
0.0000000000000000 
0.0000000000000000 
0.0000000000000000 
0.0000000000000000 
0.0000000000000000 
0.0000000000000000 
0.0000000000000000 
0.0000000000000000 
0.0000000000000000 
0.0000000000000000 
0.0000000000000000 
0.0000000000000000 
0.0000000000000000 
0.0000000000000000 
0.0000000000000000 
0.0000000000000000 
0.0000000000000000 
0.0000000000000000 
0.0000000000000000 
0.0000000000000000 
0.0000000000000000 
0.0000000000000000 
0.0000000000000000 
0.0000000000000000 
0.0000000000000000 
0.0000000000000000 
0.0000000000000000 
0.0000000000000000 
0.0000000000000000 
0.0000000000000000 
0.0000000000000000 
0.0000000000000000 
0.0000000000000000 
0.0000000000000000 
0.0000000000000000 
0.0000000000000000 
0.0000000000000000 
0.0000000000000000 
0.0000000000000000 
0.0000000000000000 
0.0000000000000000 
0.0000000000000000 
0.0000000000000000 
0.0000000000000000 
0.0000000000000000 
0.0000000000000000 
0.0000000000000000 
0.0000000000000000 
0.0000000000000000 
0.0000000000000000 
0.0000000000000000 
0.0000000000000000 
0.0000000000000000 
0.0000000000000000 
0.0000000000000000 
0.0000000000000000 
0.0000000000000000 
0.0000000000000000 
0.0000000000000000 
0.0000000000000000 
0.0000000000000000 
0.0000000000000000 
0.0000000000000000 
0.0000000000000000 
0.0000000000000000 
0.0000000000000000 
0.0000000000000000 
0.0000000000000000 
0.0000000000000000 
0.0000000000000000 
0.0000000000000000 
0.0000000000000000 
0.0000000000000000 
0.0000000000000000 
0.0000000000000000 
0.0000000000000000 
0.0000000000000000 
0.0000000000000000 
0.0000000000000000 
0.0000000000000000 
0.0000000000000000 
0.0000000000000000 
0.0000000000000000 
0.0000000000000000 
0.0000000000000000 
0.0000000000000000 
0.0000000000000000 
0.0000000000000000 
0.0000000000000000 
0.0000000000000000 
0.0000000000000000 
0.0000000000000000 
0.0000000000000000 
0.0000000000000000 
0.0000000000000000 
0.0000000000000000 
0.0000000000000000 
0.0000000000000000 
0.0000000000000000 
0.0000000000000000 
0.0000000000000000 
0.0000000000000000 
0.0000000000000000 
0.0000000000000000 
0.0000000000000000 
0.0000000000000000 
0.0000000000000000 
0.0000000000000000 
0.0000000000000000 
0.0000000000000000 
0.0000000000000000 
0.0000000000000000 
0.0000000000000000 
0.0000000000000000 
0.0000000000000000 
0.0000000000000000 
0.0000000000000000 
0.0000000000000000 
0.0000000000000000 
0.0000000000000000 
0.0000000000000000 
0.0000000000000000 
0.0000000000000000 
0.0000000000000000 
0.0000000000000000 
0.0000000000000000 
0.0000000000000000 
0.0000000000000000 
0.0000000000000000 
0.0000000000000000 
0.0000000000000000 
0.0000000000000000 
0.0000000000000000 
0.0000000000000000 
0.0000000000000000 
0.0000000000000000 
0.0000000000000000 
0.0000000000000000 
0.0000000000000000 
0.0000000000000000 
0.0000000000000000 
0.0000000000000000 
0.0000000000000000 
0.0000000000000000 
0.0000000000000000 
0.0000000000000000 
0.0000000000000000 
0.0000000000000000 
0.0000000000000000 
0.0000000000000000 
0.0000000000000000 
0.0000000000000000 
0.0000000000000000 
0.0000000000000000 
0.0000000000000000 
0.0000000000000000 
0.0000000000000000 
0.0000000000000000 
0.0000000000000000 
0.0000000000000000 
0.0000000000000000 
0.0000000000000000 
0.0000000000000000 
0.0000000000000000 
0.0000000000000000 
0.0000000000000000 
0.0000000000000000 
0.0000000000000000 
0.0000000000000000 
0.0000000000000000 
0.0000000000000000 
0.0000000000000000 
0.0000000000000000 
0.0000000000000000 
0.0000000000000000 
0.0000000000000000 
0.0000000000000000 
0.0000000000000000 
0.0000000000000000 
0.0000000000000000 
0.0000000000000000 
0.0000000000000000 
0.0000000000000000 
0.0000000000000000 
0.0000000000000000 
0.0000000000000000 
0.0000000000000000 
0.0000000000000000 
0.0000000000000000 
0.0000000000000000 
0.0000000000000000 
0.0000000000000000 
0.0000000000000000 
0.0000000000000000 
0.0000000000000000 
0.0000000000000000 
0.0000000000000000 
0.0000000000000000 
0.0000000000000000 
0.0000000000000000 
0.0000000000000000 
0.0000000000000000 
0.0000000000000000 
0.0000000000000000 
0.0000000000000000 
0.0000000000000000 
0.0000000000000000 
0.0000000000000000 
0.0000000000000000 
0.0000000000000000 
0.0000000000000000 
0.0000000000000000 
0.0000000000000000 
0.0000000000000000 
0.0000000000000000 
0.0000000000000000 
0.0000000000000000 
0.0000000000000000 
0.0000000000000000 
0.0000000000000000 
0.0000000000000000 
0.0000000000000000 
0.0000000000000000 
0.0000000000000000 
0.0000000000000000 
0.0000000000000000 
0.0000000000000000 
0.0000000000000000 
0.0000000000000000 
0.0000000000000000 
0.0000000000000000 
0.0000000000000000 
0.0000000000000000 
0.0000000000000000 
0.0000000000000000 
0.0000000000000000 
0.0000000000000000 
0.0000000000000000 
0.0000000000000000 
0.0000000000000000 
0.0000000000000000 
0.0000000000000000 
0.0000000000000000 
0.0000000000000000 
0.0000000000000000 
0.0000000000000000 
0.0000000000000000 
0.0000000000000000 
0.0000000000000000 
0.0000000000000000 
0.0000000000000000 
0.0000000000000000 
0.0000000000000000 
0.0000000000000000 
0.0000000000000000 
0.0000000000000000 
0.0000000000000000 
0.0000000000000000 
0.0000000000000000 
0.0000000000000000 
0.0000000000000000 
0.0000000000000000 
0.0000000000000000 
0.0000000000000000 
0.0000000000000000 
0.0000000000000000 
0.0000000000000000 
0.0000000000000000 
0.0000000000000000 
0.0000000000000000 
0.0000000000000000 
0.0000000000000000 
0.0000000000000000 
0.0000000000000000 
0.0000000000000000 
0.0000000000000000 
0.0000000000000000 
0.0000000000000000 
0.0000000000000000 
0.0000000000000000 
0.0000000000000000 
0.0000000000000000 
0.0000000000000000 
0.0000000000000000 
0.0000000000000000 
0.0000000000000000 
0.0000000000000000 
0.0000000000000000 
0.0000000000000000 
0.0000000000000000 
0.0000000000000000 
0.0000000000000000 
0.0000000000000000 
0.0000000000000000 
0.0000000000000000 
0.0000000000000000 
0.0000000000000000 
0.0000000000000000 
0.0000000000000000 
0.0000000000000000 
0.0000000000000000 
0.0000000000000000 
0.0000000000000000 
0.0000000000000000 
0.0000000000000000 
0.0000000000000000 
0.0000000000000000 
0.0000000000000000 
0.0000000000000000 
0.0000000000000000 
0.0000000000000000 
0.0000000000000000 
0.0000000000000000 
0.0000000000000000 
0.0000000000000000 
0.0000000000000000 
0.0000000000000000 
0.0000000000000000 
0.0000000000000000 
0.0000000000000000 
0.0000000000000000 
0.0000000000000000 
0.0000000000000000 
0.0000000000000000 
0.0000000000000000 
0.0000000000000000 
0.0000000000000000 
0.0000000000000000 
0.0000000000000000 
0.0000000000000000 
0.0000000000000000 
0.0000000000000000 
0.0000000000000000 
0.0000000000000000 
0.0000000000000000 
0.0000000000000000 
0.0000000000000000 
0.0000000000000000 
0.0000000000000000 
0.0000000000000000 
0.0000000000000000 
0.0000000000000000 
0.0000000000000000 
0.0000000000000000 
0.0000000000000000 
0.0000000000000000 
0.0000000000000000 
0.0000000000000000 
0.0000000000000000 
0.0000000000000000 
0.0000000000000000 
0.0000000000000000 
0.0000000000000000 
0.0000000000000000 
0.0000000000000000 
0.0000000000000000 
0.0000000000000000 
0.0000000000000000 
0.0000000000000000 
0.0000000000000000 
0.0000000000000000 
0.0000000000000000 
0.0000000000000000 
0.0000000000000000 
0.0000000000000000 
0.0000000000000000 
0.0000000000000000 
0.0000000000000000 
0.0000000000000000 
0.0000000000000000 
0.0000000000000000 
0.0000000000000000 
0.0000000000000000 
0.0000000000000000 
0.0000000000000000 
0.0000000000000000 
0.0000000000000000 
0.0000000000000000 
0.0000000000000000 
0.0000000000000000 
0.0000000000000000 
0.0000000000000000 
0.0000000000000000 
0.0000000000000000 
0.0000000000000000 
0.0000000000000000 
0.0000000000000000 
0.0000000000000000 
0.0000000000000000 
0.0000000000000000 
0.0000000000000000 
0.0000000000000000 
0.0000000000000000 
0.0000000000000000 
0.0000000000000000 
0.0000000000000000 
0.0000000000000000 
0.0000000000000000 
0.0000000000000000 
0.0000000000000000 
0.0000000000000000 
0.0000000000000000 
0.0000000000000000 
0.0000000000000000 
0.0000000000000000 
0.0000000000000000 
0.0000000000000000 
0.0000000000000000 
0.0000000000000000 
0.0000000000000000 
0.0000000000000000 
0.0000000000000000 
0.0000000000000000 
0.0000000000000000 
0.0000000000000000 
0.0000000000000000 
0.0000000000000000 
0.0000000000000000 
0.0000000000000000 
0.0000000000000000 
0.0000000000000000 
0.0000000000000000 
0.0000000000000000 
0.0000000000000000 
0.0000000000000000 
0.0000000000000000 
0.0000000000000000 
0.0000000000000000 
0.0000000000000000 
0.0000000000000000 
0.0000000000000000 
0.0000000000000000 
0.0000000000000000 
0.0000000000000000 
0.0000000000000000 
0.0000000000000000 
0.0000000000000000 
0.0000000000000000 
0.0000000000000000 
0.0000000000000000 
0.0000000000000000 
0.0000000000000000 
0.0000000000000000 
0.0000000000000000 
0.0000000000000000 
0.0000000000000000 
0.0000000000000000 
0.0000000000000000 
0.0000000000000000 
0.0000000000000000 
0.0000000000000000 
0.0000000000000000 
0.0000000000000000 
0.0000000000000000 
0.0000000000000000 
0.0000000000000000 
0.0000000000000000 
0.0000000000000000 
0.0000000000000000 
0.0000000000000000 
0.0000000000000000 
0.0000000000000000 
0.0000000000000000 
0.0000000000000000 
0.0000000000000000 
0.0000000000000000 
0.0000000000000000 
0.0000000000000000 
0.0000000000000000 
0.0000000000000000 
0.0000000000000000 
0.0000000000000000 
0.0000000000000000 
0.0000000000000000 
0.0000000000000000 
0.0000000000000000 
0.0000000000000000 
0.0000000000000000 
0.0000000000000000 
0.0000000000000000 
0.0000000000000000 
0.0000000000000000 
0.0000000000000000 
0.0000000000000000 
0.0000000000000000 
0.0000000000000000 
0.0000000000000000 
0.0000000000000000 
0.0000000000000000 
0.0000000000000000 
0.0000000000000000 
0.0000000000000000 
0.0000000000000000 
0.0000000000000000 
0.0000000000000000 
0.0000000000000000 
0.0000000000000000 
0.0000000000000000 
0.0000000000000000 
0.0000000000000000 
0.0000000000000000 
0.0000000000000000 
0.0000000000000000 
0.0000000000000000 
0.0000000000000000 
0.0000000000000000 
0.0000000000000000 
0.0000000000000000 
0.0000000000000000 
0.0000000000000000 
0.0000000000000000 
0.0000000000000000 
0.0000000000000000 
0.0000000000000000 
0.0000000000000000 
0.0000000000000000 
0.0000000000000000 
0.0000000000000000 
0.0000000000000000 
0.0000000000000000 
0.0000000000000000 
0.0000000000000000 
0.0000000000000000 
0.0000000000000000 
0.0000000000000000 
0.0000000000000000 
0.0000000000000000 
0.0000000000000000 
0.0000000000000000 
0.0000000000000000 
0.0000000000000000 
0.0000000000000000 
0.0000000000000000 
0.0000000000000000 
0.0000000000000000 
0.0000000000000000 
0.0000000000000000 
0.0000000000000000 
0.0000000000000000 
0.0000000000000000 
0.0000000000000000 
0.0000000000000000 
0.0000000000000000 
0.0000000000000000 
0.0000000000000000 
0.0000000000000000 
0.0000000000000000 
0.0000000000000000 
0.0000000000000000 
0.0000000000000000 
0.0000000000000000 
0.0000000000000000 
0.0000000000000000 
0.0000000000000000 
0.0000000000000000 
0.0000000000000000 
0.0000000000000000 
0.0000000000000000 
0.0000000000000000 
0.0000000000000000 
0.0000000000000000 
0.0000000000000000 
0.0000000000000000 
0.0000000000000000 
0.0000000000000000 
0.0000000000000000 
0.0000000000000000 
0.0000000000000000 
0.0000000000000000 
0.0000000000000000 
0.0000000000000000 
0.0000000000000000 
0.0000000000000000 
0.0000000000000000 
0.0000000000000000 
0.0000000000000000 
0.0000000000000000 
0.0000000000000000 
0.0000000000000000 
0.0000000000000000 
0.0000000000000000 
0.0000000000000000 
0.0000000000000000 
0.0000000000000000 
0.0000000000000000 
0.0000000000000000 
0.0000000000000000 
0.0000000000000000 
0.0000000000000000 
0.0000000000000000 
0.0000000000000000 
0.0000000000000000 
0.0000000000000000 
0.0000000000000000 
0.0000000000000000 
0.0000000000000000 
0.0000000000000000 
0.0000000000000000 
0.0000000000000000 
0.0000000000000000 
0.0000000000000000 
0.0000000000000000 
0.0000000000000000 
0.0000000000000000 
0.0000000000000000 
0.0000000000000000 
0.0000000000000000 
0.0000000000000000 
0.0000000000000000 
0.0000000000000000 
0.0000000000000000 
0.0000000000000000 
0.0000000000000000 
0.0000000000000000 
0.0000000000000000 
0.0000000000000000 
0.0000000000000000 
0.0000000000000000 
0.0000000000000000 
0.0000000000000000 
0.0000000000000000 
0.0000000000000000 
0.0000000000000000 
0.0000000000000000 
0.0000000000000000 
0.0000000000000000 
0.0000000000000000 
0.0000000000000000 
0.0000000000000000 
0.0000000000000000 
0.0000000000000000 
0.0000000000000000 
0.0000000000000000 
0.0000000000000000 
0.0000000000000000 
0.0000000000000000 
0.0000000000000000 
0.0000000000000000 
0.0000000000000000 
0.0000000000000000 
0.0000000000000000 
0.0000000000000000 
0.0000000000000000 
0.0000000000000000 
0.0000000000000000 
0.0000000000000000 
0.0000000000000000 
0.0000000000000000 
0.0000000000000000 
0.0000000000000000 
0.0000000000000000 
0.0000000000000000 
0.0000000000000000 
0.0000000000000000 
0.0000000000000000 
0.0000000000000000 
0.0000000000000000 
0.0000000000000000 
0.0000000000000000 
0.0000000000000000 
0.0000000000000000 
0.0000000000000000 
