prims = rho, vx, vy, vz, p, Bx, By, Bz, Ex, Ey, Ez
0.9999999996971064 
0.9999999996971064 
0.9999999996971064 
0.9999999996971064 
0.9999999996971064 
0.9999999994289216 
1.0000000010541219 
1.0000000062442151 
1.0000000055939193 
0.9999999691309847 
0.9999998985130276 
0.9999999808769277 
1.0000005389623712 
1.0000013798498160 
1.0000016401654606 
1.0000011219751470 
1.0000005544593951 
1.0000003639672523 
1.0000005880713667 
1.0000014415844161 
1.0000035928938880 
1.0000091291308222 
1.0000233999187325 
1.0000408962374834 
1.0000072362677446 
0.9996991076451129 
0.9990419560147951 
0.9990315624241205 
1.0006675763356492 
1.0013574684442865 
1.0011708341820145 
1.0010387030860008 
1.0011212452513756 
1.0013154654453391 
1.0014132706992693 
1.0014327976615862 
1.0014018958968851 
1.0013800844584266 
1.0014195886620141 
1.0015391893414487 
1.0017592301565821 
1.0020891905641511 
1.0025234802002900 
1.0030013688690544 
1.0034127855676407 
1.0037016443553721 
1.0038788628862536 
1.0039838450788676 
1.0040414188297455 
1.0040496972839901 
1.0039859106349904 
1.0038099784699825 
1.0034432914799225 
1.0027984672188088 
1.0017642506132676 
1.0001906176933606 
0.9978913162133616 
0.9946487902754854 
0.9902232460561377 
0.9843693469541945 
0.9768616251490327 
0.9675281977345250 
0.9562938289105143 
0.9432367696936602 
0.9286454183960122 
0.9130057364346615 
0.8968658268626295 
0.8806718275491175 
0.8647037998509323 
0.8491054685064008 
0.8339374129863300 
0.8192167161392652 
0.8049395440294690 
0.7910926403614001 
0.7776589222192447 
0.7646201499399099 
0.7519581682313069 
0.7396554514083995 
0.7276953185351815 
0.7160620024873597 
0.7047406593851763 
0.6937173517825121 
0.6829790145509631 
0.6725134062976375 
0.6623090515605733 
0.6523551817132405 
0.6426416812402956 
0.6331590413877889 
0.6238983190200954 
0.6148510990049371 
0.6060094658285354 
0.5973660036824336 
0.5889138631586097 
0.5806469755391017 
0.5725605250658353 
0.5646518708990332 
0.5569222353754827 
0.5493795965598121 
0.5420432734606447 
0.5349503612266318 
0.5281629394829980 
0.5217724834405979 
0.5158954361583876 
0.5106552529211889 
0.5061541308211608 
0.5024463229510392 
0.4995248907296350 
0.4973259073324057 
0.4957449654952049 
0.4946565598679062 
0.4939357011228356 
0.4934793683989592 
0.4932109214975539 
0.4930807275086856 
0.4930923245709331 
0.4932075063493378 
0.4933416593507191 
0.4934213453296442 
0.4934151291830732 
0.4933348355816157 
0.4932231454567635 
0.4931305881709882 
0.4930894255367456 
0.4931058500780763 
0.4931615801557859 
0.4932257879193407 
0.4932700816295507 
0.4932792110813082 
0.4932539647067725 
0.4932073021875755 
0.4931565757448975 
0.4931158518832577 
0.4930912882462702 
0.4930805829789429 
0.4930757352989677 
0.4930673465720450 
0.4930485513709185 
0.4930172596332952 
0.4929762656566421 
0.4929315841977569 
0.4928898589282106 
0.4928557749201571 
0.4928302462378053 
0.4928098810516948 
0.4927878031625401 
0.4927555452563466 
0.4927056120791237 
0.4926339715926052 
0.4925411766987885 
0.4924320293977018 
0.4923152138859635 
0.4922019616764123 
0.4921011530590720 
0.4920144747963105 
0.4919364973891157 
0.4918571395918531 
0.4917646906845208 
0.4916485717552196 
0.4914999786271125 
0.4913106394806214 
0.4910714218114812 
0.4907706309807827 
0.4903909041407580 
0.4899041887533405 
0.4892645400653352 
0.4883975093962802 
0.4871833628076718 
0.4854322170474027 
0.4828533554084076 
0.4790230508505892 
0.4733495731739478 
0.4650313081838368 
0.4530193969959845 
0.4360037218470532 
0.4124494191471372 
0.3809854100997124 
0.3436150922955286 
0.3094599552471910 
0.2840502388791655 
0.2663219435569192 
0.2544322109273055 
0.2467962004624029 
0.2421388139292587 
0.2394681848761102 
0.2380490546387329 
0.2373756835038273 
0.2371383618462059 
0.2371506525007351 
0.2372935382034852 
0.2375863801818915 
0.2380563291748019 
0.2385844219915251 
0.2389673780945077 
0.2392067206887262 
0.2393553726789331 
0.2394508048256017 
0.2395123622846492 
0.2395514494861266 
0.2395770724550496 
0.2395992036454481 
0.2396270494219567 
0.2396651861850025 
0.2397133129325856 
0.2397672584430796 
0.2398199138831343 
0.2398621292290064 
0.2398827336555217 
0.2398684812829166 
0.2398086175545679 
0.2396661593558666 
0.2393487455741662 
0.2387131777423663 
0.2375162358338981 
0.2353154284842420 
0.2312916943189038 
0.2239021758663022 
0.2101860932440793 
0.1850331835111270 
0.1572516668627959 
0.1411054601023651 
0.1328584608913419 
0.1290821120394124 
0.1274669770161281 
0.1267926421306318 
0.1265470928544991 
0.1265068185554030 
0.1265814835772753 
0.1267148413719886 
0.1267703495403071 
0.1267121897424257 
0.1265137507303515 
0.1262155522989935 
0.1261249620272982 
0.1262738426929462 
0.1264903978556159 
0.1257156508583284 
0.1238810561615036 
0.1239531676571573 
0.1247264600236482 
0.1250254857764550 
0.1250496374083651 
0.1250259520439653 
0.1250099406395728 
0.1250039016680025 
0.1250015511859180 
0.1250006261174997 
0.1250003876507968 
0.1250006029785277 
0.1250012435386065 
0.1250018304942066 
0.1250015332828081 
0.1250005870718644 
0.1249999732522727 
0.1249998915787839 
0.1249999701682392 
0.1250000070380254 
0.1250000060907608 
0.1250000005553072 
0.1249999994958731 
0.1249999999367021 
0.1249999999367021 
0.1249999999367021 
0.1249999999367021 
0.1249999999367021 
0.0000000002047691 
0.0000000002047691 
0.0000000002047691 
0.0000000002047691 
0.0000000002047691 
0.0000000003972983 
-0.0000000006650618 
-0.0000000042434403 
-0.0000000040940254 
0.0000000210426383 
0.0000000737123744 
0.0000000164203369 
-0.0000004788206320 
-0.0000013911611308 
-0.0000017782380326 
-0.0000011932674207 
-0.0000005773912860 
-0.0000003972442684 
-0.0000006649878382 
-0.0000016252583371 
-0.0000040558532573 
-0.0000096040303270 
-0.0000208165588071 
-0.0000379915391053 
-0.0000381303981666 
0.0001317214998147 
0.0009592338100161 
0.0012982573324817 
-0.0002182645833639 
-0.0014917955933364 
-0.0012764303022785 
-0.0009847597334543 
-0.0010711706196518 
-0.0012471664787197 
-0.0013556198068654 
-0.0013794542491126 
-0.0013553163006783 
-0.0013316539616464 
-0.0013501441547304 
-0.0014358360599068 
-0.0015986455443125 
-0.0018403858594986 
-0.0021526016442710 
-0.0024890613350484 
-0.0027791171447891 
-0.0029886330462181 
-0.0031204518998441 
-0.0031933997358974 
-0.0032291214823221 
-0.0032349240424380 
-0.0031998828422288 
-0.0030825799606316 
-0.0028321121257477 
-0.0023948627981381 
-0.0016899342519191 
-0.0006117601899582 
0.0009696414397703 
0.0032076677389604 
0.0062745703433954 
0.0103517977756066 
0.0156144497366320 
0.0222094820135194 
0.0302257115545158 
0.0396502555704202 
0.0503187962115659 
0.0619118904933500 
0.0740458286978210 
0.0863946510598590 
0.0987440785485282 
0.1109756636193698 
0.1230311101775940 
0.1348846169609212 
0.1465267767185877 
0.1579562202274606 
0.1691754568031930 
0.1801888136812539 
0.1910014009279164 
0.2016185835108500 
0.2120457147816344 
0.2222880122523584 
0.2323505123904132 
0.2422380655285459 
0.2519553450824492 
0.2615068559518527 
0.2708969371527855 
0.2801297615368519 
0.2892093385516679 
0.2981395237870735 
0.3069240331103399 
0.3155664522252539 
0.3240702265136480 
0.3324386094450894 
0.3406745394006223 
0.3487803740504812 
0.3567573813378349 
0.3646047897914043 
0.3723180606557018 
0.3798859020245225 
0.3872854730063894 
0.3944755487617810 
0.4013886966036045 
0.4079262108966185 
0.4139622556814630 
0.4193625275335356 
0.4240141703027726 
0.4278543856583171 
0.4308848542663716 
0.4331680566145819 
0.4348103850476993 
0.4359393533043242 
0.4366823859447360 
0.4371505816639720 
0.4374277244778684 
0.4375583308992846 
0.4375394243489992 
0.4374118210463130 
0.4372638464138662 
0.4371725942251494 
0.4371710432650434 
0.4372470731035722 
0.4373559902435841 
0.4374453129686995 
0.4374815263098381 
0.4374583009653873 
0.4373946277837582 
0.4373223124187993 
0.4372703684294230 
0.4372539172857381 
0.4372713710448857 
0.4373086561871229 
0.4373475071987126 
0.4373734585348330 
0.4373805339819125 
0.4373716030524922 
0.4373552405768034 
0.4373410213685976 
0.4373353828002863 
0.4373395462378013 
0.4373499095845111 
0.4373602980733446 
0.4373648730176672 
0.4373604693365503 
0.4373475560299727 
0.4373296648817071 
0.4373117426779291 
0.4372982144675247 
0.4372915211134301 
0.4372915552340896 
0.4372960334841289 
0.4373015466705827 
0.4373047775832813 
0.4373034227754437 
0.4372967743008670 
0.4372857087451646 
0.4372720213207512 
0.4372578565872012 
0.4372452490238369 
0.4372357310167847 
0.4372301903417533 
0.4372288740576559 
0.4372313874672566 
0.4372367793305620 
0.4372437398870776 
0.4372509254024400 
0.4372572160809252 
0.4372613642338137 
0.4372616071082738 
0.4372568990224576 
0.4372494067359926 
0.4372437239918507 
0.4372417644887086 
0.4372422550328016 
0.4372435503858987 
0.4372445748960497 
0.4372448915372527 
0.4372433293715630 
0.4372284191053436 
0.4372345913791152 
0.4372826660340434 
0.4372999713274336 
0.4372570555221315 
0.4371987038101319 
0.4371788671847083 
0.4372073301253251 
0.4372506829449078 
0.4372919973706895 
0.4373091219038689 
0.4373246648108187 
0.4373245706782269 
0.4373093568844346 
0.4372803492555548 
0.4372529965798029 
0.4372327284645959 
0.4372242846902392 
0.4372296624753757 
0.4372530360119239 
0.4372925091684701 
0.4373345935401672 
0.4373660494796530 
0.4373842264300222 
0.4373880398541385 
0.4373774595176520 
0.4373548172497197 
0.4373220790530105 
0.4372785133790779 
0.4372194358868429 
0.4371322974395943 
0.4369907086700245 
0.4367416383969754 
0.4362916277091214 
0.4354639354298232 
0.4339211410684728 
0.4310388754544777 
0.4256373738142183 
0.4154126108149490 
0.3955843229971679 
0.3549635131477703 
0.2702001530896101 
0.1656411921337524 
0.0890609632061491 
0.0458052702257035 
0.0254996882136661 
0.0167767141549805 
0.0130744845941022 
0.0115970131502445 
0.0114409094873740 
0.0120873844034937 
0.0129276069732810 
0.0132857377872439 
0.0126897805704142 
0.0111047487237411 
0.0092002047348843 
0.0084549604334124 
0.0111346154591707 
0.0131166670422438 
0.0016254658585918 
-0.0121828522829279 
-0.0080681342093950 
-0.0007972134832436 
0.0004512020398790 
0.0003638515961987 
0.0001892575472473 
0.0000851623571162 
0.0000354171867575 
0.0000140359016520 
0.0000056874669220 
0.0000033862112715 
0.0000050124956703 
0.0000105795068383 
0.0000158961562594 
0.0000123471256588 
0.0000041442257830 
-0.0000001749063727 
-0.0000006149814110 
-0.0000001562246015 
0.0000000416533989 
0.0000000308261194 
0.0000000022476028 
-0.0000000015144992 
0.0000000001748727 
0.0000000001748727 
0.0000000001748727 
0.0000000001748727 
0.0000000001748727 
0.0000000000000000 
0.0000000000000000 
0.0000000000000000 
0.0000000000000000 
0.0000000000000000 
0.0000000000000000 
0.0000000000000000 
0.0000000000000000 
0.0000000000000000 
0.0000000000000000 
0.0000000000000000 
0.0000000000000000 
0.0000000000000000 
0.0000000000000000 
0.0000000000000000 
0.0000000000000000 
0.0000000000000000 
0.0000000000000000 
0.0000000000000000 
0.0000000000000000 
0.0000000000000000 
0.0000000000000000 
0.0000000000000000 
0.0000000000000000 
0.0000000000000000 
0.0000000000000000 
0.0000000000000000 
0.0000000000000000 
0.0000000000000000 
0.0000000000000000 
0.0000000000000000 
0.0000000000000000 
0.0000000000000000 
0.0000000000000000 
0.0000000000000000 
0.0000000000000000 
0.0000000000000000 
0.0000000000000000 
0.0000000000000000 
0.0000000000000000 
0.0000000000000000 
0.0000000000000000 
0.0000000000000000 
0.0000000000000000 
0.0000000000000000 
0.0000000000000000 
0.0000000000000000 
0.0000000000000000 
0.0000000000000000 
0.0000000000000000 
0.0000000000000000 
0.0000000000000000 
0.0000000000000000 
0.0000000000000000 
0.0000000000000000 
0.0000000000000000 
0.0000000000000000 
0.0000000000000000 
0.0000000000000000 
0.0000000000000000 
0.0000000000000000 
0.0000000000000000 
0.0000000000000000 
0.0000000000000000 
0.0000000000000000 
0.0000000000000000 
0.0000000000000000 
0.0000000000000000 
0.0000000000000000 
0.0000000000000000 
0.0000000000000000 
0.0000000000000000 
0.0000000000000000 
0.0000000000000000 
0.0000000000000000 
0.0000000000000000 
0.0000000000000000 
0.0000000000000000 
0.0000000000000000 
0.0000000000000000 
0.0000000000000000 
0.0000000000000000 
0.0000000000000000 
0.0000000000000000 
0.0000000000000000 
0.0000000000000000 
0.0000000000000000 
0.0000000000000000 
0.0000000000000000 
0.0000000000000000 
0.0000000000000000 
0.0000000000000000 
0.0000000000000000 
0.0000000000000000 
0.0000000000000000 
0.0000000000000000 
0.0000000000000000 
0.0000000000000000 
0.0000000000000000 
0.0000000000000000 
0.0000000000000000 
0.0000000000000000 
0.0000000000000000 
0.0000000000000000 
0.0000000000000000 
0.0000000000000000 
0.0000000000000000 
0.0000000000000000 
0.0000000000000000 
0.0000000000000000 
0.0000000000000000 
0.0000000000000000 
0.0000000000000000 
0.0000000000000000 
0.0000000000000000 
0.0000000000000000 
0.0000000000000000 
0.0000000000000000 
0.0000000000000000 
0.0000000000000000 
0.0000000000000000 
0.0000000000000000 
0.0000000000000000 
0.0000000000000000 
0.0000000000000000 
0.0000000000000000 
0.0000000000000000 
0.0000000000000000 
0.0000000000000000 
0.0000000000000000 
0.0000000000000000 
0.0000000000000000 
0.0000000000000000 
0.0000000000000000 
0.0000000000000000 
0.0000000000000000 
0.0000000000000000 
0.0000000000000000 
0.0000000000000000 
0.0000000000000000 
0.0000000000000000 
0.0000000000000000 
0.0000000000000000 
0.0000000000000000 
0.0000000000000000 
0.0000000000000000 
0.0000000000000000 
0.0000000000000000 
0.0000000000000000 
0.0000000000000000 
0.0000000000000000 
0.0000000000000000 
0.0000000000000000 
0.0000000000000000 
0.0000000000000000 
0.0000000000000000 
0.0000000000000000 
0.0000000000000000 
0.0000000000000000 
0.0000000000000000 
0.0000000000000000 
0.0000000000000000 
0.0000000000000000 
0.0000000000000000 
0.0000000000000000 
0.0000000000000000 
0.0000000000000000 
0.0000000000000000 
0.0000000000000000 
0.0000000000000000 
0.0000000000000000 
0.0000000000000000 
0.0000000000000000 
0.0000000000000000 
0.0000000000000000 
0.0000000000000000 
0.0000000000000000 
0.0000000000000000 
0.0000000000000000 
0.0000000000000000 
0.0000000000000000 
0.0000000000000000 
0.0000000000000000 
0.0000000000000000 
0.0000000000000000 
0.0000000000000000 
0.0000000000000000 
0.0000000000000000 
0.0000000000000000 
0.0000000000000000 
0.0000000000000000 
0.0000000000000000 
0.0000000000000000 
0.0000000000000000 
0.0000000000000000 
0.0000000000000000 
0.0000000000000000 
0.0000000000000000 
0.0000000000000000 
0.0000000000000000 
0.0000000000000000 
0.0000000000000000 
0.0000000000000000 
0.0000000000000000 
0.0000000000000000 
0.0000000000000000 
0.0000000000000000 
0.0000000000000000 
0.0000000000000000 
0.0000000000000000 
0.0000000000000000 
0.0000000000000000 
0.0000000000000000 
0.0000000000000000 
0.0000000000000000 
0.0000000000000000 
0.0000000000000000 
0.0000000000000000 
0.0000000000000000 
0.0000000000000000 
0.0000000000000000 
0.0000000000000000 
0.0000000000000000 
0.0000000000000000 
0.0000000000000000 
0.0000000000000000 
0.0000000000000000 
0.0000000000000000 
0.0000000000000000 
0.0000000000000000 
0.0000000000000000 
0.0000000000000000 
0.0000000000000000 
0.0000000000000000 
0.0000000000000000 
0.0000000000000000 
0.0000000000000000 
0.0000000000000000 
0.0000000000000000 
0.0000000000000000 
0.0000000000000000 
0.0000000000000000 
0.0000000000000000 
0.0000000000000000 
0.0000000000000000 
0.0000000000000000 
0.0000000000000000 
0.0000000000000000 
0.0000000000000000 
0.0000000000000000 
0.0000000000000000 
0.0000000000000000 
0.0000000000000000 
0.0000000000000000 
0.0000000000000000 
0.0000000000000000 
0.0000000000000000 
0.0000000000000000 
0.0000000000000000 
0.0000000000000000 
0.0000000000000000 
0.0000000000000000 
0.0000000000000000 
0.0000000000000000 
0.0000000000000000 
0.0000000000000000 
0.0000000000000000 
0.0000000000000000 
0.0000000000000000 
0.0000000000000000 
0.0000000000000000 
0.0000000000000000 
0.0000000000000000 
0.0000000000000000 
0.0000000000000000 
0.0000000000000000 
0.0000000000000000 
0.0000000000000000 
0.0000000000000000 
0.0000000000000000 
0.0000000000000000 
0.0000000000000000 
0.0000000000000000 
0.0000000000000000 
0.0000000000000000 
0.0000000000000000 
0.0000000000000000 
0.0000000000000000 
0.0000000000000000 
0.0000000000000000 
0.0000000000000000 
0.0000000000000000 
0.0000000000000000 
0.0000000000000000 
0.0000000000000000 
0.0000000000000000 
0.0000000000000000 
0.0000000000000000 
0.0000000000000000 
0.0000000000000000 
0.0000000000000000 
0.0000000000000000 
0.0000000000000000 
0.0000000000000000 
0.0000000000000000 
0.0000000000000000 
0.0000000000000000 
0.0000000000000000 
0.0000000000000000 
0.0000000000000000 
0.0000000000000000 
0.0000000000000000 
0.0000000000000000 
0.0000000000000000 
0.0000000000000000 
0.0000000000000000 
0.0000000000000000 
0.0000000000000000 
0.0000000000000000 
0.0000000000000000 
0.0000000000000000 
0.0000000000000000 
0.0000000000000000 
0.0000000000000000 
0.0000000000000000 
0.0000000000000000 
0.0000000000000000 
0.0000000000000000 
0.0000000000000000 
0.0000000000000000 
0.0000000000000000 
0.0000000000000000 
0.0000000000000000 
0.0000000000000000 
0.0000000000000000 
0.0000000000000000 
0.0000000000000000 
0.0000000000000000 
0.0000000000000000 
0.0000000000000000 
0.0000000000000000 
0.0000000000000000 
0.0000000000000000 
0.0000000000000000 
0.0000000000000000 
0.0000000000000000 
0.0000000000000000 
0.0000000000000000 
0.0000000000000000 
0.0000000000000000 
0.0000000000000000 
0.0000000000000000 
0.0000000000000000 
0.0000000000000000 
0.0000000000000000 
0.0000000000000000 
0.0000000000000000 
0.0000000000000000 
0.0000000000000000 
0.0000000000000000 
0.0000000000000000 
0.0000000000000000 
0.0000000000000000 
0.0000000000000000 
0.0000000000000000 
0.0000000000000000 
0.0000000000000000 
0.0000000000000000 
0.0000000000000000 
0.0000000000000000 
0.0000000000000000 
0.0000000000000000 
0.0000000000000000 
0.0000000000000000 
0.0000000000000000 
0.0000000000000000 
0.0000000000000000 
0.0000000000000000 
0.0000000000000000 
0.0000000000000000 
0.0000000000000000 
0.0000000000000000 
0.0000000000000000 
0.0000000000000000 
0.0000000000000000 
0.0000000000000000 
0.0000000000000000 
0.0000000000000000 
0.0000000000000000 
0.0000000000000000 
0.0000000000000000 
0.0000000000000000 
0.0000000000000000 
0.0000000000000000 
0.0000000000000000 
0.0000000000000000 
0.0000000000000000 
0.0000000000000000 
0.0000000000000000 
0.0000000000000000 
0.0000000000000000 
0.0000000000000000 
0.0000000000000000 
0.0000000000000000 
0.0000000000000000 
0.0000000000000000 
0.0000000000000000 
0.0000000000000000 
0.0000000000000000 
0.0000000000000000 
0.0000000000000000 
0.0000000000000000 
0.0000000000000000 
0.0000000000000000 
0.0000000000000000 
0.0000000000000000 
0.0000000000000000 
0.0000000000000000 
0.0000000000000000 
0.0000000000000000 
0.0000000000000000 
0.0000000000000000 
0.0000000000000000 
0.0000000000000000 
0.0000000000000000 
0.0000000000000000 
0.0000000000000000 
0.0000000000000000 
0.0000000000000000 
0.0000000000000000 
0.0000000000000000 
0.0000000000000000 
0.0000000000000000 
0.0000000000000000 
0.0000000000000000 
0.0000000000000000 
0.0000000000000000 
0.0000000000000000 
0.0000000000000000 
0.0000000000000000 
0.0000000000000000 
0.0000000000000000 
0.0000000000000000 
0.0000000000000000 
0.0000000000000000 
0.0000000000000000 
0.0000000000000000 
0.0000000000000000 
0.0000000000000000 
0.0000000000000000 
0.0000000000000000 
0.0000000000000000 
0.0000000000000000 
0.0000000000000000 
0.0000000000000000 
0.0000000000000000 
0.0000000000000000 
0.0000000000000000 
0.0000000000000000 
0.0000000000000000 
0.0000000000000000 
0.0000000000000000 
0.0000000000000000 
0.0000000000000000 
0.0000000000000000 
0.0000000000000000 
0.0000000000000000 
0.0000000000000000 
0.0000000000000000 
0.0000000000000000 
0.0000000000000000 
0.0000000000000000 
0.0000000000000000 
0.0000000000000000 
0.0000000000000000 
0.0000000000000000 
0.0000000000000000 
0.0000000000000000 
0.0000000000000000 
0.0000000000000000 
0.0000000000000000 
0.0000000000000000 
0.0000000000000000 
0.0000000000000000 
0.0000000000000000 
0.0000000000000000 
0.0000000000000000 
0.0000000000000000 
0.0000000000000000 
0.0000000000000000 
0.0000000000000000 
0.0000000000000000 
0.0000000000000000 
0.0000000000000000 
0.0000000000000000 
0.0000000000000000 
0.0000000000000000 
0.0000000000000000 
0.0000000000000000 
0.0000000000000000 
0.0000000000000000 
0.0000000000000000 
0.0000000000000000 
0.0000000000000000 
0.0000000000000000 
0.0000000000000000 
0.0000000000000000 
0.0000000000000000 
0.0000000000000000 
0.0000000000000000 
0.0000000000000000 
0.0000000000000000 
0.0000000000000000 
0.0000000000000000 
0.0000000000000000 
0.0000000000000000 
0.0000000000000000 
0.0000000000000000 
0.0000000000000000 
0.0000000000000000 
0.0000000000000000 
0.0000000000000000 
0.0000000000000000 
0.0000000000000000 
0.0000000000000000 
0.0000000000000000 
0.0000000000000000 
0.0000000000000000 
1.0000000001211573 
1.0000000001211573 
1.0000000001211573 
1.0000000001211573 
1.0000000001211573 
1.0000000002284313 
0.9999999995783512 
1.0000000044976118 
1.0000000139210579 
0.9999999489115498 
0.9999998218811044 
0.9999999601696136 
1.0000011518492093 
1.0000033378902791 
1.0000042591409635 
1.0000028632511269 
1.0000013879689786 
1.0000009543510240 
1.0000015994784766 
1.0000039068056226 
1.0000097466115221 
1.0000230692672993 
1.0000499641049181 
1.0000910142679929 
1.0000902976923227 
0.9996774378936838 
0.9976659688166234 
0.9968886338375185 
1.0005386682061184 
1.0035708790437192 
1.0030669916499435 
1.0023673682292389 
1.0025748209411691 
1.0029997606945169 
1.0032615252392179 
1.0033184975830889 
1.0032592974425336 
1.0032013496117691 
1.0032458998109450 
1.0034537438446105 
1.0038485324254349 
1.0044345389878244 
1.0051917341214782 
1.0060083206222963 
1.0067125841785269 
1.0072213609390084 
1.0075417167956640 
1.0077196617908040 
1.0078062392060130 
1.0078204916806315 
1.0077351341513110 
1.0074492549245180 
1.0068401185979539 
1.0057776434469921 
1.0040671663100229 
1.0014565078519930 
0.9976389205700655 
0.9922594905682407 
0.9849318235173008 
0.9752686132440158 
0.9629268192236929 
0.9476656181253933 
0.9294172204699678 
0.9083760086272010 
0.8850810710887587 
0.8603778162107171 
0.8351803172748014 
0.8102044242104217 
0.7858784006742369 
0.7624050232424443 
0.7398542098465046 
0.7182288276017975 
0.6975011058976819 
0.6776307349196059 
0.6585734402201177 
0.6402849216224314 
0.6227225787610516 
0.6058461862003427 
0.5896180801155183 
0.5740031299364807 
0.5589686231784070 
0.5444841169799991 
0.5305212747603869 
0.5170536948753146 
0.5040567384825153 
0.4915073666947697 
0.4793839968201385 
0.4676663830584289 
0.4563355213856053 
0.4453735759991960 
0.4347638290762832 
0.4244906669992032 
0.4145396409416485 
0.4048976795915060 
0.3955535725020652 
0.3864989299300253 
0.3777299475204058 
0.3692504255116534 
0.3610765189378261 
0.3532433104642197 
0.3458119622773345 
0.3388735363381331 
0.3325432965431892 
0.3269409243888673 
0.3221609838802228 
0.3182465492712055 
0.3151776616006333 
0.3128771533979737 
0.3112286994635022 
0.3100985563692269 
0.3093554589938629 
0.3088868439279329 
0.3086126226163847 
0.3084836413429263 
0.3085030998126970 
0.3086309604048656 
0.3087788715171162 
0.3088701493500927 
0.3088720585461611 
0.3087967280318141 
0.3086885237001915 
0.3085998394712227 
0.3085640887722402 
0.3085876088128410 
0.3086514623933669 
0.3087239195759440 
0.3087760486774042 
0.3087927880106522 
0.3087757311170906 
0.3087389445684568 
0.3087006524339796 
0.3086752448889107 
0.3086686116824205 
0.3086778491685928 
0.3086944393969287 
0.3087089177867852 
0.3087149246667923 
0.3087112278359441 
0.3087013497064513 
0.3086913855163887 
0.3086871484499002 
0.3086918311756331 
0.3087050061200169 
0.3087231623983335 
0.3087413499846730 
0.3087551463619490 
0.3087621645936133 
0.3087625804280080 
0.3087586363968798 
0.3087536326522102 
0.3087508845535828 
0.3087527049398593 
0.3087597480944367 
0.3087712134452381 
0.3087854575225515 
0.3088004285614271 
0.3088141377068443 
0.3088250463679164 
0.3088321909067787 
0.3088352446141466 
0.3088345860858008 
0.3088311987020570 
0.3088263487618443 
0.3088212852550442 
0.3088171974875810 
0.3088152096628319 
0.3088165922006150 
0.3088222924854777 
0.3088307388172312 
0.3088378339847010 
0.3088417213850891 
0.3088435853222348 
0.3088449663286780 
0.3088468673420814 
0.3088497530296863 
0.3088521787365444 
0.3088428120328132 
0.3088534943708088 
0.3089010769024010 
0.3089197837282246 
0.3088830678492236 
0.3088274752729353 
0.3088064826495652 
0.3088285589157181 
0.3088654821317718 
0.3089128231102786 
0.3089551235827826 
0.3089497414792052 
0.3089281157815799 
0.3089117049016038 
0.3088983613202215 
0.3088755436628844 
0.3088558812687076 
0.3088489968197899 
0.3088589443591548 
0.3088825892999638 
0.3089183111133805 
0.3089576731333361 
0.3089858478804236 
0.3090016070885147 
0.3090048252751251 
0.3089956086602827 
0.3089760189218412 
0.3089472366811979 
0.3089079364960036 
0.3088533742691780 
0.3087733680300381 
0.3086459739492347 
0.3084270943520477 
0.3080303368486012 
0.3072962605194838 
0.3059349552145427 
0.3034120566271409 
0.2987563340087263 
0.2902016749001252 
0.2745171501119305 
0.2456896980931903 
0.1965691235714135 
0.1506956244917912 
0.1246945228881761 
0.1120616181793384 
0.1065600452461930 
0.1042735998427576 
0.1033165631125070 
0.1029370081455500 
0.1028969783461503 
0.1030627849550521 
0.1032787837874264 
0.1033708486115571 
0.1032175988937795 
0.1028108056115150 
0.1023236459971118 
0.1021337972047121 
0.1028174554325613 
0.1033266106770721 
0.1004066939949004 
0.0969938430323486 
0.0980005927410040 
0.0998007449072031 
0.1001128518923664 
0.1000910002819012 
0.1000473241965358 
0.1000212924045716 
0.1000088543723763 
0.1000035087320066 
0.1000014221684303 
0.1000008468040490 
0.1000012532832006 
0.1000026452055183 
0.1000039740444092 
0.1000030865356050 
0.1000010360398692 
0.0999999561682373 
0.0999998464749012 
0.0999999605922199 
0.1000000123811882 
0.1000000045495368 
0.0999999997778771 
0.1000000002016508 
0.1000000000253192 
0.1000000000253192 
0.1000000000253192 
0.1000000000253192 
0.1000000000253192 
0.0000000000000000 
0.0000000000000000 
0.0000000000000000 
0.0000000000000000 
0.0000000000000000 
0.0000000000000000 
0.0000000000000000 
0.0000000000000000 
0.0000000000000000 
0.0000000000000000 
0.0000000000000000 
0.0000000000000000 
0.0000000000000000 
0.0000000000000000 
0.0000000000000000 
0.0000000000000000 
0.0000000000000000 
0.0000000000000000 
0.0000000000000000 
0.0000000000000000 
0.0000000000000000 
0.0000000000000000 
0.0000000000000000 
0.0000000000000000 
0.0000000000000000 
0.0000000000000000 
0.0000000000000000 
0.0000000000000000 
0.0000000000000000 
0.0000000000000000 
0.0000000000000000 
0.0000000000000000 
0.0000000000000000 
0.0000000000000000 
0.0000000000000000 
0.0000000000000000 
0.0000000000000000 
0.0000000000000000 
0.0000000000000000 
0.0000000000000000 
0.0000000000000000 
0.0000000000000000 
0.0000000000000000 
0.0000000000000000 
0.0000000000000000 
0.0000000000000000 
0.0000000000000000 
0.0000000000000000 
0.0000000000000000 
0.0000000000000000 
0.0000000000000000 
0.0000000000000000 
0.0000000000000000 
0.0000000000000000 
0.0000000000000000 
0.0000000000000000 
0.0000000000000000 
0.0000000000000000 
0.0000000000000000 
0.0000000000000000 
0.0000000000000000 
0.0000000000000000 
0.0000000000000000 
0.0000000000000000 
0.0000000000000000 
0.0000000000000000 
0.0000000000000000 
0.0000000000000000 
0.0000000000000000 
0.0000000000000000 
0.0000000000000000 
0.0000000000000000 
0.0000000000000000 
0.0000000000000000 
0.0000000000000000 
0.0000000000000000 
0.0000000000000000 
0.0000000000000000 
0.0000000000000000 
0.0000000000000000 
0.0000000000000000 
0.0000000000000000 
0.0000000000000000 
0.0000000000000000 
0.0000000000000000 
0.0000000000000000 
0.0000000000000000 
0.0000000000000000 
0.0000000000000000 
0.0000000000000000 
0.0000000000000000 
0.0000000000000000 
0.0000000000000000 
0.0000000000000000 
0.0000000000000000 
0.0000000000000000 
0.0000000000000000 
0.0000000000000000 
0.0000000000000000 
0.0000000000000000 
0.0000000000000000 
0.0000000000000000 
0.0000000000000000 
0.0000000000000000 
0.0000000000000000 
0.0000000000000000 
0.0000000000000000 
0.0000000000000000 
0.0000000000000000 
0.0000000000000000 
0.0000000000000000 
0.0000000000000000 
0.0000000000000000 
0.0000000000000000 
0.0000000000000000 
0.0000000000000000 
0.0000000000000000 
0.0000000000000000 
0.0000000000000000 
0.0000000000000000 
0.0000000000000000 
0.0000000000000000 
0.0000000000000000 
0.0000000000000000 
0.0000000000000000 
0.0000000000000000 
0.0000000000000000 
0.0000000000000000 
0.0000000000000000 
0.0000000000000000 
0.0000000000000000 
0.0000000000000000 
0.0000000000000000 
0.0000000000000000 
0.0000000000000000 
0.0000000000000000 
0.0000000000000000 
0.0000000000000000 
0.0000000000000000 
0.0000000000000000 
0.0000000000000000 
0.0000000000000000 
0.0000000000000000 
0.0000000000000000 
0.0000000000000000 
0.0000000000000000 
0.0000000000000000 
0.0000000000000000 
0.0000000000000000 
0.0000000000000000 
0.0000000000000000 
0.0000000000000000 
0.0000000000000000 
0.0000000000000000 
0.0000000000000000 
0.0000000000000000 
0.0000000000000000 
0.0000000000000000 
0.0000000000000000 
0.0000000000000000 
0.0000000000000000 
0.0000000000000000 
0.0000000000000000 
0.0000000000000000 
0.0000000000000000 
0.0000000000000000 
0.0000000000000000 
0.0000000000000000 
0.0000000000000000 
0.0000000000000000 
0.0000000000000000 
0.0000000000000000 
0.0000000000000000 
0.0000000000000000 
0.0000000000000000 
0.0000000000000000 
0.0000000000000000 
0.0000000000000000 
0.0000000000000000 
0.0000000000000000 
0.0000000000000000 
0.0000000000000000 
0.0000000000000000 
0.0000000000000000 
0.0000000000000000 
0.0000000000000000 
0.0000000000000000 
0.0000000000000000 
0.0000000000000000 
0.0000000000000000 
0.0000000000000000 
0.0000000000000000 
0.0000000000000000 
0.0000000000000000 
0.0000000000000000 
0.0000000000000000 
0.0000000000000000 
0.0000000000000000 
0.0000000000000000 
0.0000000000000000 
0.0000000000000000 
0.0000000000000000 
0.0000000000000000 
0.0000000000000000 
0.0000000000000000 
0.0000000000000000 
0.0000000000000000 
0.0000000000000000 
0.0000000000000000 
0.0000000000000000 
0.0000000000000000 
0.0000000000000000 
0.0000000000000000 
0.0000000000000000 
0.0000000000000000 
0.0000000000000000 
0.0000000000000000 
0.0000000000000000 
0.0000000000000000 
0.0000000000000000 
0.0000000000000000 
0.0000000000000000 
0.0000000000000000 
0.0000000000000000 
0.0000000000000000 
0.0000000000000000 
0.0000000000000000 
0.0000000000000000 
0.0000000000000000 
0.0000000000000000 
0.0000000000000000 
0.0000000000000000 
0.0000000000000000 
0.0000000000000000 
0.0000000000000000 
0.0000000000000000 
0.0000000000000000 
0.0000000000000000 
0.0000000000000000 
0.0000000000000000 
0.0000000000000000 
0.0000000000000000 
0.0000000000000000 
0.0000000000000000 
0.0000000000000000 
0.0000000000000000 
0.0000000000000000 
0.0000000000000000 
0.0000000000000000 
0.0000000000000000 
0.0000000000000000 
0.0000000000000000 
0.0000000000000000 
0.0000000000000000 
0.0000000000000000 
0.0000000000000000 
0.0000000000000000 
0.0000000000000000 
0.0000000000000000 
0.0000000000000000 
0.0000000000000000 
0.0000000000000000 
0.0000000000000000 
0.0000000000000000 
0.4999993228354024 
0.4999993228354024 
0.4999993228354024 
0.4999993228354024 
0.4999993228354024 
0.4999985312797746 
0.4999984484771257 
0.5000000159244387 
0.5000043675612874 
0.5000113775124838 
0.5000178974397040 
0.5000163544791679 
0.4999955877934741 
0.4999449261410548 
0.4998550160352346 
0.4997069015132855 
0.4994589372041807 
0.4990369536097969 
0.4983185016516282 
0.4971067729580930 
0.4950920430426551 
0.4917977701424365 
0.4865087537055783 
0.4781807361681698 
0.4653352942332085 
0.4459519747423919 
0.4173827673661059 
0.3763338396418371 
0.3192698929268484 
0.2488749652887818 
0.1825922551131161 
0.1301621374169337 
0.0908255749817154 
0.0621390762988944 
0.0417245682974186 
0.0275196879319700 
0.0178409641976633 
0.0113754232929041 
0.0071364773150411 
0.0044060560035186 
0.0026760596445541 
0.0015960225728965 
0.0009298224937505 
0.0005218512019134 
0.0002718709183041 
0.0001175611786101 
0.0000241764113189 
-0.0000218396166948 
-0.0000288965184767 
-0.0000155935691550 
-0.0000010663025311 
0.0000055530131551 
0.0000048798532633 
0.0000015544374042 
-0.0000007898292544 
-0.0000012184209610 
-0.0000005744700598 
0.0000000757521026 
0.0000002812801150 
0.0000001622353058 
-0.0000000023782305 
-0.0000000650823639 
-0.0000000405271933 
0.0000000000378231 
0.0000000156685790 
0.0000000092699820 
-0.0000000006338782 
-0.0000000038873399 
-0.0000000018974309 
0.0000000004500088 
0.0000000009480991 
0.0000000003140843 
-0.0000000001976112 
-0.0000000002118455 
-0.0000000000263986 
0.0000000000659073 
0.0000000000389124 
-0.0000000000072875 
-0.0000000000171983 
-0.0000000000043458 
0.0000000000044927 
0.0000000000032771 
-0.0000000000003969 
-0.0000000000013111 
-0.0000000000003129 
0.0000000000003594 
0.0000000000002264 
-0.0000000000000558 
-0.0000000000000960 
-0.0000000000000082 
0.0000000000000311 
0.0000000000000110 
-0.0000000000000083 
-0.0000000000000062 
0.0000000000000010 
0.0000000000000020 
-0.0000000000000001 
-0.0000000000000009 
-0.0000000000000002 
0.0000000000000004 
0.0000000000000003 
0.0000000000000002 
0.0000000000000002 
0.0000000000000002 
0.0000000000000000 
-0.0000000000000001 
-0.0000000000000001 
0.0000000000000001 
0.0000000000000001 
0.0000000000000002 
0.0000000000000004 
0.0000000000000003 
0.0000000000000003 
0.0000000000000002 
0.0000000000000002 
-0.0000000000000000 
-0.0000000000000000 
0.0000000000000001 
0.0000000000000001 
0.0000000000000001 
0.0000000000000002 
0.0000000000000003 
0.0000000000000002 
-0.0000000000000000 
-0.0000000000000000 
-0.0000000000000002 
-0.0000000000000003 
-0.0000000000000003 
-0.0000000000000004 
-0.0000000000000003 
-0.0000000000000002 
-0.0000000000000002 
-0.0000000000000001 
0.0000000000000000 
0.0000000000000001 
0.0000000000000000 
0.0000000000000002 
0.0000000000000002 
-0.0000000000000000 
-0.0000000000000001 
-0.0000000000000001 
-0.0000000000000001 
-0.0000000000000001 
-0.0000000000000001 
-0.0000000000000001 
-0.0000000000000001 
-0.0000000000000003 
-0.0000000000000003 
-0.0000000000000004 
-0.0000000000000004 
-0.0000000000000003 
-0.0000000000000002 
-0.0000000000000002 
-0.0000000000000002 
-0.0000000000000000 
-0.0000000000000001 
-0.0000000000000002 
-0.0000000000000001 
-0.0000000000000000 
0.0000000000000001 
0.0000000000000000 
-0.0000000000000001 
-0.0000000000000002 
-0.0000000000000003 
-0.0000000000000003 
0.0000000000000001 
0.0000000000000006 
-0.0000000000000003 
-0.0000000000000026 
-0.0000000000000017 
0.0000000000000055 
0.0000000000000078 
-0.0000000000000111 
-0.0000000000000309 
0.0000000000000084 
0.0000000000000962 
0.0000000000000559 
-0.0000000000002265 
-0.0000000000003596 
0.0000000000003127 
0.0000000000013108 
0.0000000000003964 
-0.0000000000032774 
-0.0000000000044930 
0.0000000000043456 
0.0000000000171980 
0.0000000000072872 
-0.0000000000389126 
-0.0000000000659075 
0.0000000000263985 
0.0000000002118455 
0.0000000001976113 
-0.0000000003140841 
-0.0000000009480988 
-0.0000000004500085 
0.0000000018974311 
0.0000000038873401 
0.0000000006338784 
-0.0000000092699818 
-0.0000000156685788 
-0.0000000000378230 
0.0000000405271933 
0.0000000650823637 
0.0000000023782303 
-0.0000001622353059 
-0.0000002812801152 
-0.0000000757521028 
0.0000005744700595 
0.0000012184209607 
0.0000007898292544 
-0.0000015544374041 
-0.0000048798532632 
-0.0000055530131551 
0.0000010663025313 
0.0000155935691551 
0.0000288965184769 
0.0000218396166944 
-0.0000241764113191 
-0.0001175611786099 
-0.0002718709183034 
-0.0005218512019130 
-0.0009298224937505 
-0.0015960225728964 
-0.0026760596445537 
-0.0044060560035182 
-0.0071364773150409 
-0.0113754232929040 
-0.0178409641976629 
-0.0275196879319694 
-0.0417245682974182 
-0.0621390762988942 
-0.0908255749817156 
-0.1301621374169339 
-0.1825922551131159 
-0.2488749652887812 
-0.3192698929268488 
-0.3763338396418373 
-0.4173827673661055 
-0.4459519747423919 
-0.4653352942332082 
-0.4781807361681705 
-0.4865087537055774 
-0.4917977701424371 
-0.4950920430426547 
-0.4971067729580925 
-0.4983185016516276 
-0.4990369536097969 
-0.4994589372041804 
-0.4997069015132851 
-0.4998550160352342 
-0.4999449261410543 
-0.4999955877934737 
-0.5000163544791675 
-0.5000178974397036 
-0.5000113775124834 
-0.5000043675612870 
-0.5000000159244382 
-0.4999984484771253 
-0.4999985312797742 
-0.4999993228354020 
-0.4999993228354020 
-0.4999993228354020 
-0.4999993228354020 
-0.4999993228354020 
0.0000000000000000 
0.0000000000000000 
0.0000000000000000 
0.0000000000000000 
0.0000000000000000 
0.0000000000000000 
0.0000000000000000 
0.0000000000000000 
0.0000000000000000 
0.0000000000000000 
0.0000000000000000 
0.0000000000000000 
0.0000000000000000 
0.0000000000000000 
0.0000000000000000 
0.0000000000000000 
0.0000000000000000 
0.0000000000000000 
0.0000000000000000 
0.0000000000000000 
0.0000000000000000 
0.0000000000000000 
0.0000000000000000 
0.0000000000000000 
0.0000000000000000 
0.0000000000000000 
0.0000000000000000 
0.0000000000000000 
0.0000000000000000 
0.0000000000000000 
0.0000000000000000 
0.0000000000000000 
0.0000000000000000 
0.0000000000000000 
0.0000000000000000 
0.0000000000000000 
0.0000000000000000 
0.0000000000000000 
0.0000000000000000 
0.0000000000000000 
0.0000000000000000 
0.0000000000000000 
0.0000000000000000 
0.0000000000000000 
0.0000000000000000 
0.0000000000000000 
0.0000000000000000 
0.0000000000000000 
0.0000000000000000 
0.0000000000000000 
0.0000000000000000 
0.0000000000000000 
0.0000000000000000 
0.0000000000000000 
0.0000000000000000 
0.0000000000000000 
0.0000000000000000 
0.0000000000000000 
0.0000000000000000 
0.0000000000000000 
0.0000000000000000 
0.0000000000000000 
0.0000000000000000 
0.0000000000000000 
0.0000000000000000 
0.0000000000000000 
0.0000000000000000 
0.0000000000000000 
0.0000000000000000 
0.0000000000000000 
0.0000000000000000 
0.0000000000000000 
0.0000000000000000 
0.0000000000000000 
0.0000000000000000 
0.0000000000000000 
0.0000000000000000 
0.0000000000000000 
0.0000000000000000 
0.0000000000000000 
0.0000000000000000 
0.0000000000000000 
0.0000000000000000 
0.0000000000000000 
0.0000000000000000 
0.0000000000000000 
0.0000000000000000 
0.0000000000000000 
0.0000000000000000 
0.0000000000000000 
0.0000000000000000 
0.0000000000000000 
0.0000000000000000 
0.0000000000000000 
0.0000000000000000 
0.0000000000000000 
0.0000000000000000 
0.0000000000000000 
0.0000000000000000 
0.0000000000000000 
0.0000000000000000 
0.0000000000000000 
0.0000000000000000 
0.0000000000000000 
0.0000000000000000 
0.0000000000000000 
0.0000000000000000 
0.0000000000000000 
0.0000000000000000 
0.0000000000000000 
0.0000000000000000 
0.0000000000000000 
0.0000000000000000 
0.0000000000000000 
0.0000000000000000 
0.0000000000000000 
0.0000000000000000 
0.0000000000000000 
0.0000000000000000 
0.0000000000000000 
0.0000000000000000 
0.0000000000000000 
0.0000000000000000 
0.0000000000000000 
0.0000000000000000 
0.0000000000000000 
0.0000000000000000 
0.0000000000000000 
0.0000000000000000 
0.0000000000000000 
0.0000000000000000 
0.0000000000000000 
0.0000000000000000 
0.0000000000000000 
0.0000000000000000 
0.0000000000000000 
0.0000000000000000 
0.0000000000000000 
0.0000000000000000 
0.0000000000000000 
0.0000000000000000 
0.0000000000000000 
0.0000000000000000 
0.0000000000000000 
0.0000000000000000 
0.0000000000000000 
0.0000000000000000 
0.0000000000000000 
0.0000000000000000 
0.0000000000000000 
0.0000000000000000 
0.0000000000000000 
0.0000000000000000 
0.0000000000000000 
0.0000000000000000 
0.0000000000000000 
0.0000000000000000 
0.0000000000000000 
0.0000000000000000 
0.0000000000000000 
0.0000000000000000 
0.0000000000000000 
0.0000000000000000 
0.0000000000000000 
0.0000000000000000 
0.0000000000000000 
0.0000000000000000 
0.0000000000000000 
0.0000000000000000 
0.0000000000000000 
0.0000000000000000 
0.0000000000000000 
0.0000000000000000 
0.0000000000000000 
0.0000000000000000 
0.0000000000000000 
0.0000000000000000 
0.0000000000000000 
0.0000000000000000 
0.0000000000000000 
0.0000000000000000 
0.0000000000000000 
0.0000000000000000 
0.0000000000000000 
0.0000000000000000 
0.0000000000000000 
0.0000000000000000 
0.0000000000000000 
0.0000000000000000 
0.0000000000000000 
0.0000000000000000 
0.0000000000000000 
0.0000000000000000 
0.0000000000000000 
0.0000000000000000 
0.0000000000000000 
0.0000000000000000 
0.0000000000000000 
0.0000000000000000 
0.0000000000000000 
0.0000000000000000 
0.0000000000000000 
0.0000000000000000 
0.0000000000000000 
0.0000000000000000 
0.0000000000000000 
0.0000000000000000 
0.0000000000000000 
0.0000000000000000 
0.0000000000000000 
0.0000000000000000 
0.0000000000000000 
0.0000000000000000 
0.0000000000000000 
0.0000000000000000 
0.0000000000000000 
0.0000000000000000 
0.0000000000000000 
0.0000000000000000 
0.0000000000000000 
0.0000000000000000 
0.0000000000000000 
0.0000000000000000 
0.0000000000000000 
0.0000000000000000 
0.0000000000000000 
0.0000000000000000 
0.0000000000000000 
0.0000000000000000 
0.0000000000000000 
0.0000000000000000 
0.0000000000000000 
0.0000000000000000 
0.0000000000000000 
0.0000000000000000 
0.0000000000000000 
0.0000000000000000 
0.0000000000000000 
0.0000000000000000 
0.0000000000000000 
0.0000000000000000 
0.0000000000000000 
0.0000000000000000 
0.0000000000000000 
0.0000000000000000 
0.0000000000000000 
0.0000000000000000 
0.0000000000000000 
0.0000000000000000 
0.0000000000000000 
0.0000000000000000 
0.0000000000000000 
0.0000000000000000 
0.0000000000000000 
0.0000000000000000 
0.0000000000000000 
0.0000000000000000 
0.0000000000000000 
0.0000000000000000 
0.0000000000000000 
0.0000000000000000 
0.0000000000000000 
0.0000000000000000 
0.0000000000000000 
0.0000000000000000 
0.0000000000000000 
0.0000000000000000 
0.0000000000000000 
0.0000000000000000 
0.0000000000000000 
0.0000000000000000 
0.0000000000000000 
0.0000000000000000 
0.0000000000000000 
0.0000000000000000 
0.0000000000000000 
0.0000000000000000 
0.0000000000000000 
0.0000000000000000 
0.0000000000000000 
0.0000000000000000 
0.0000000000000000 
0.0000000000000000 
0.0000000000000000 
0.0000000000000000 
0.0000000000000000 
0.0000000000000000 
0.0000000000000000 
0.0000000000000000 
0.0000000000000000 
0.0000000000000000 
0.0000000000000000 
0.0000000000000000 
0.0000000000000000 
0.0000000000000000 
0.0000000000000000 
0.0000000000000000 
0.0000000000000000 
0.0000000000000000 
0.0000000000000000 
0.0000000000000000 
0.0000000000000000 
0.0000000000000000 
0.0000000000000000 
0.0000000000000000 
0.0000000000000000 
0.0000000000000000 
0.0000000000000000 
0.0000000000000000 
0.0000000000000000 
0.0000000000000000 
0.0000000000000000 
0.0000000000000000 
0.0000000000000000 
0.0000000000000000 
0.0000000000000000 
0.0000000000000000 
0.0000000000000000 
0.0000000000000000 
0.0000000000000000 
0.0000000000000000 
0.0000000000000000 
0.0000000000000000 
0.0000000000000000 
0.0000000000000000 
0.0000000000000000 
0.0000000000000000 
0.0000000000000000 
0.0000000000000000 
0.0000000000000000 
0.0000000000000000 
0.0000000000000000 
0.0000000000000000 
0.0000000000000000 
0.0000000000000000 
0.0000000000000000 
0.0000000000000000 
0.0000000000000000 
0.0000000000000000 
0.0000000000000000 
0.0000000000000000 
0.0000000000000000 
0.0000000000000000 
0.0000000000000000 
0.0000000000000000 
0.0000000000000000 
0.0000000000000000 
0.0000000000000000 
0.0000000000000000 
0.0000000000000000 
0.0000000000000000 
0.0000000000000000 
0.0000000000000000 
0.0000000000000000 
0.0000000000000000 
0.0000000000000000 
0.0000000000000000 
0.0000000000000000 
0.0000000000000000 
0.0000000000000000 
0.0000000000000000 
0.0000000000000000 
0.0000000000000000 
0.0000000000000000 
0.0000000000000000 
0.0000000000000000 
0.0000000000000000 
0.0000000000000000 
0.0000000000000000 
0.0000000000000000 
0.0000000000000000 
0.0000000000000000 
0.0000000000000000 
0.0000000000000000 
0.0000000000000000 
0.0000000000000000 
0.0000000000000000 
0.0000000000000000 
0.0000000000000000 
0.0000000000000000 
0.0000000000000000 
0.0000000000000000 
0.0000000000000000 
0.0000000000000000 
0.0000000000000000 
0.0000000000000000 
0.0000000000000000 
0.0000000000000000 
0.0000000000000000 
0.0000000000000000 
0.0000000000000000 
0.0000000000000000 
0.0000000000000000 
0.0000000000000000 
0.0000000000000000 
0.0000000000000000 
0.0000000000000000 
0.0000000000000000 
0.0000000000000000 
0.0000000000000000 
0.0000000000000000 
0.0000000000000000 
0.0000000000000000 
0.0000000000000000 
0.0000000000000000 
0.0000000000000000 
0.0000000000000000 
0.0000000000000000 
0.0000000000000000 
0.0000000000000000 
0.0000000000000000 
0.0000000000000000 
0.0000000000000000 
0.0000000000000000 
0.0000000000000000 
0.0000000000000000 
0.0000000000000000 
0.0000000000000000 
0.0000000000000000 
0.0000000000000000 
0.0000000000000000 
0.0000000000000000 
0.0000000000000000 
0.0000000000000000 
0.0000000000000000 
0.0000000000000000 
0.0000000000000000 
0.0000000000000000 
0.0000000000000000 
0.0000000000000000 
0.0000000000000000 
0.0000000000000000 
0.0000000000000000 
0.0000000000000000 
0.0000000000000000 
0.0000000000000000 
0.0000000000000000 
0.0000000000000000 
0.0000000000000000 
0.0000000000000000 
0.0000000000000000 
0.0000000000000000 
0.0000000000000000 
0.0000000000000000 
0.0000000000000000 
0.0000000000000000 
0.0000000000000000 
0.0000000000000000 
0.0000000000000000 
0.0000000000000000 
0.0000000000000000 
0.0000000000000000 
0.0000000000000000 
0.0000000000000000 
0.0000000000000000 
0.0000000000000000 
0.0000000000000000 
0.0000000000000000 
0.0000000000000000 
0.0000000000000000 
0.0000000000000000 
0.0000000000000000 
0.0000000000000000 
0.0000000000000000 
0.0000000000000000 
0.0000000000000000 
0.0000000000000000 
0.0000000000000000 
0.0000000000000000 
0.0000000000000000 
0.0000000000000000 
0.0000000000000000 
0.0000000000000000 
0.0000000000000000 
0.0000000000000000 
0.0000000000000000 
0.0000000000000000 
0.0000000000000000 
0.0000000000000000 
0.0000000000000000 
0.0000000000000000 
0.0000000000000000 
0.0000000000000000 
0.0000000000000000 
0.0000000000000000 
0.0000000000000000 
0.0000000000000000 
0.0000000000000000 
0.0000000000000000 
0.0000000000000000 
0.0000000000000000 
0.0000000000000000 
0.0000000000000000 
0.0000000000000000 
0.0000000000000000 
0.0000000000000000 
0.0000000000000000 
0.0000000000000000 
0.0000000000000000 
0.0000000000000000 
0.0000000000000000 
0.0000000000000000 
0.0000000000000000 
0.0000000000000000 
0.0000000000000000 
0.0000000000000000 
0.0000000000000000 
0.0000000000000000 
0.0000000000000000 
0.0000000000000000 
0.0000000000000000 
0.0000000000000000 
0.0000000000000000 
0.0000000000000000 
0.0000000000000000 
0.0000000000000000 
0.0000000000000000 
0.0000000000000000 
0.0000000000000000 
0.0000000000000000 
0.0000000000000000 
0.0000000000000000 
0.0000000000000000 
0.0000000000000000 
0.0000000000000000 
0.0000000000000000 
0.0000000000000000 
0.0000000000000000 
0.0000000000000000 
0.0000000000000000 
0.0000000000000000 
0.0000000000000000 
0.0000000000000000 
0.0000000000000000 
0.0000000000000000 
0.0000000000000000 
0.0000000000000000 
0.0000000000000000 
0.0000000000000000 
0.0000000000000000 
0.0000000000000000 
0.0000000000000000 
0.0000000000000000 
0.0000000000000000 
0.0000000000000000 
0.0000000000000000 
0.0000000000000000 
0.0000000000000000 
0.0000000000000000 
0.0000000000000000 
0.0000000000000000 
0.0000000000000000 
0.0000000000000000 
0.0000000000000000 
0.0000000000000000 
0.0000000000000000 
0.0000000000000000 
0.0000000000000000 
0.0000000000000000 
0.0000000000000000 
0.0000000000000000 
0.0000000000000000 
0.0000000000000000 
0.0000000000000000 
0.0000000000000000 
0.0000000000000000 
0.0000000000000000 
0.0000000000000000 
0.0000000000000000 
0.0000000000000000 
0.0000000000000000 
0.0000000000000000 
0.0000000000000000 
0.0000000000000000 
0.0000000000000000 
0.0000000000000000 
0.0000000000000000 
0.0000000000000000 
0.0000000000000000 
0.0000000000000000 
0.0000000000000000 
0.0000000000000000 
0.0000000000000000 
0.0000000000000000 
0.0000000000000000 
0.0000000000000000 
0.0000000000000000 
0.0000000000000000 
0.0000000000000000 
0.0000000000000000 
0.0000000000000000 
0.0000000000000000 
0.0000000000000000 
0.0000000000000000 
0.0000000000000000 
0.0000000000000000 
0.0000000000000000 
0.0000000000000000 
0.0000000000000000 
0.0000000000000000 
0.0000000000000000 
0.0000000000000000 
0.0000000000000000 
0.0000000000000000 
0.0000000000000000 
0.0000000000000000 
0.0000000000000000 
0.0000000000000000 
0.0000000000000000 
0.0000000000000000 
0.0000000000000000 
0.0000000000000000 
0.0000000000000000 
0.0000000000000000 
0.0000000000000000 
0.0000000000000000 
0.0000000000000000 
0.0000000000000000 
0.0000000000000000 
0.0000000000000000 
0.0000000000000000 
0.0000000000000000 
0.0000000000000000 
0.0000000000000000 
0.0000000000000000 
0.0000000000000000 
0.0000000000000000 
0.0000000000000000 
0.0000000000000000 
0.0000000000000000 
0.0000000000000000 
0.0000000000000000 
0.0000000000000000 
0.0000000000000000 
0.0000000000000000 
0.0000000000000000 
0.0000000000000000 
0.0000000000000000 
0.0000000000000000 
0.0000000000000000 
0.0000000000000000 
0.0000000000000000 
0.0000000000000000 
0.0000000000000000 
0.0000000000000000 
0.0000000000000000 
0.0000000000000000 
0.0000000000000000 
0.0000000000000000 
0.0000000000000000 
0.0000000000000000 
0.0000000000000000 
0.0000000000000000 
0.0000000000000000 
0.0000000000000000 
0.0000000000000000 
0.0000000000000000 
0.0000000000000000 
0.0000000000000000 
0.0000000000000000 
0.0000000000000000 
0.0000000000000000 
0.0000000000000000 
0.0000000000000000 
0.0000000000000000 
0.0000000000000000 
0.0000000000000000 
0.0000000000000000 
0.0000000000000000 
0.0000000000000000 
0.0000000000000000 
0.0000000000000000 
0.0000000000000000 
0.0000000000000000 
0.0000000000000000 
0.0000000000000000 
0.0000000000000000 
0.0000000000000000 
0.0000000000000000 
0.0000000000000000 
0.0000000000000000 
0.0000000000000000 
0.0000000000000000 
0.0000000000000000 
0.0000000000000000 
0.0000000000000000 
0.0000000000000000 
0.0000000000000000 
0.0000000000000000 
0.0000000000000000 
0.0000000000000000 
0.0000000000000000 
0.0000000000000000 
0.0000000000000000 
0.0000000000000000 
0.0000000000000000 
0.0000000000000000 
0.0000000000000000 
0.0000000000000000 
0.0000000000000000 
0.0000000000000000 
0.0000000000000000 
0.0000000000000000 
0.0000000000000000 
0.0000000000000000 
0.0000000000000000 
0.0000000000000000 
0.0000000000000000 
0.0000000000000000 
0.0000000000000000 
0.0000000000000000 
0.0000000000000000 
0.0000000000000000 
0.0000000000000000 
0.0000000000000000 
0.0000000000000000 
0.0000000000000000 
0.0000000000000000 
0.0000000000000000 
0.0000000000000000 
0.0000000000000000 
0.0000000000000000 
0.0000000000000000 
0.0000000000000000 
0.0000000000000000 
0.0000000000000000 
0.0000000000000000 
0.0000000000000000 
0.0000000000000000 
0.0000000000000000 
0.0000000000000000 
0.0000000000000000 
0.0000000000000000 
0.0000000000000000 
0.0000000000000000 
0.0000000000000000 
0.0000000000000000 
0.0000000000000000 
0.0000000000000000 
0.0000000000000000 
0.0000000000000000 
0.0000000000000000 
0.0000000000000000 
0.0000000000000000 
0.0000000000000000 
0.0000000000000000 
0.0000000000000000 
0.0000000000000000 
0.0000000000000000 
0.0000000000000000 
0.0000000000000000 
0.0000000000000000 
0.0000000000000000 
0.0000000000000000 
0.0000000000000000 
0.0000000000000000 
0.0000000000000000 
0.0000000000000000 
0.0000000000000000 
0.0000000000000000 
0.0000000000000000 
0.0000000000000000 
0.0000000000000000 
0.0000000000000000 
0.0000000000000000 
0.0000000000000000 
0.0000000000000000 
0.0000000000000000 
0.0000000000000000 
0.0000000000000000 
0.0000000000000000 
0.0000000000000000 
0.0000000000000000 
0.0000000000000000 
0.0000000000000000 
0.0000000000000000 
0.0000000000000000 
0.0000000000000000 
0.0000000000000000 
0.0000000000000000 
0.0000000000000000 
0.0000000000000000 
0.0000000000000000 
0.0000000000000000 
0.0000000000000000 
0.0000000000000000 
0.0000000000000000 
0.0000000000000000 
0.0000000000000000 
0.0000000000000000 
0.0000000000000000 
0.0000000000000000 
-0.0000006771645978 
-0.0000006771645978 
-0.0000006771645978 
-0.0000006771645978 
-0.0000006771645978 
-0.0000014687202256 
-0.0000015515228744 
0.0000000159244384 
0.0000043675612872 
0.0000113775124838 
0.0000178974397040 
0.0000163544791679 
-0.0000044122065260 
-0.0000550738589453 
-0.0001449839647654 
-0.0002930984867144 
-0.0005410627958192 
-0.0009630463902031 
-0.0016814983483717 
-0.0028932270419069 
-0.0049079569573446 
-0.0082022298575634 
-0.0134912462944217 
-0.0218192638318302 
-0.0346647057667915 
-0.0540480252576082 
-0.0826172326338942 
-0.1236661603581631 
-0.1807301070731517 
-0.2511250347112184 
-0.3174077448868841 
-0.3698378625830662 
-0.4091744250182844 
-0.4378609237011056 
-0.4582754317025813 
-0.4724803120680301 
-0.4821590358023368 
-0.4886245767070960 
-0.4928635226849589 
-0.4955939439964814 
-0.4973239403554461 
-0.4984039774271035 
-0.4990701775062495 
-0.4994781487980867 
-0.4997281290816961 
-0.4998824388213901 
-0.4999758235886811 
-0.5000218396166948 
-0.5000288965184765 
-0.5000155935691550 
-0.5000010663025310 
-0.4999944469868449 
-0.4999951201467369 
-0.4999984455625959 
-0.5000007898292544 
-0.5000012184209607 
-0.5000005744700594 
-0.4999999242478971 
-0.4999997187198848 
-0.4999998377646941 
-0.5000000023782305 
-0.5000000650823639 
-0.5000000405271935 
-0.4999999999621771 
-0.4999999843314211 
-0.4999999907300180 
-0.5000000006338783 
-0.5000000038873400 
-0.5000000018974309 
-0.4999999995499913 
-0.4999999990519011 
-0.4999999996859159 
-0.5000000001976113 
-0.5000000002118454 
-0.5000000000263984 
-0.4999999999340926 
-0.4999999999610876 
-0.5000000000072874 
-0.5000000000171981 
-0.5000000000043457 
-0.4999999999955072 
-0.4999999999967228 
-0.5000000000003967 
-0.5000000000013111 
-0.5000000000003130 
-0.4999999999996406 
-0.4999999999997736 
-0.5000000000000558 
-0.5000000000000961 
-0.5000000000000083 
-0.4999999999999689 
-0.4999999999999888 
-0.5000000000000080 
-0.5000000000000058 
-0.4999999999999986 
-0.4999999999999977 
-0.4999999999999999 
-0.5000000000000008 
-0.5000000000000001 
-0.4999999999999996 
-0.4999999999999997 
-0.4999999999999999 
-0.5000000000000000 
-0.5000000000000000 
-0.5000000000000000 
-0.4999999999999999 
-0.4999999999999999 
-0.5000000000000000 
-0.4999999999999999 
-0.5000000000000000 
-0.4999999999999999 
-0.4999999999999999 
-0.4999999999999999 
-0.4999999999999999 
-0.5000000000000000 
-0.4999999999999999 
-0.4999999999999999 
-0.4999999999999999 
-0.4999999999999999 
-0.4999999999999999 
-0.4999999999999998 
-0.4999999999999998 
-0.4999999999999998 
-0.4999999999999999 
-0.4999999999999999 
-0.4999999999999999 
-0.4999999999999999 
-0.4999999999999999 
-0.4999999999999998 
-0.4999999999999999 
-0.4999999999999999 
-0.4999999999999999 
-0.4999999999999999 
-0.4999999999999999 
-0.4999999999999999 
-0.5000000000000000 
-0.4999999999999999 
-0.4999999999999999 
-0.4999999999999999 
-0.4999999999999999 
-0.4999999999999999 
-0.4999999999999999 
-0.4999999999999999 
-0.4999999999999998 
-0.4999999999999999 
-0.4999999999999998 
-0.4999999999999999 
-0.4999999999999999 
-0.4999999999999999 
-0.5000000000000000 
-0.4999999999999999 
-0.5000000000000000 
-0.5000000000000000 
-0.4999999999999999 
-0.5000000000000000 
-0.4999999999999999 
-0.4999999999999999 
-0.4999999999999999 
-0.4999999999999998 
-0.4999999999999998 
-0.4999999999999999 
-0.4999999999999998 
-0.4999999999999998 
-0.4999999999999996 
-0.4999999999999994 
-0.4999999999999997 
-0.5000000000000004 
-0.4999999999999997 
-0.4999999999999976 
-0.4999999999999986 
-0.5000000000000058 
-0.5000000000000078 
-0.4999999999999889 
-0.4999999999999690 
-0.5000000000000083 
-0.5000000000000963 
-0.5000000000000558 
-0.4999999999997734 
-0.4999999999996405 
-0.5000000000003129 
-0.5000000000013107 
-0.5000000000003963 
-0.4999999999967226 
-0.4999999999955071 
-0.5000000000043457 
-0.5000000000171982 
-0.5000000000072874 
-0.4999999999610876 
-0.4999999999340926 
-0.5000000000263984 
-0.5000000002118453 
-0.5000000001976113 
-0.4999999996859159 
-0.4999999990519010 
-0.4999999995499913 
-0.5000000018974310 
-0.5000000038873400 
-0.5000000006338784 
-0.4999999907300181 
-0.4999999843314211 
-0.4999999999621770 
-0.5000000405271933 
-0.5000000650823637 
-0.5000000023782303 
-0.4999998377646938 
-0.4999997187198846 
-0.4999999242478972 
-0.5000005744700596 
-0.5000012184209608 
-0.5000007898292543 
-0.4999984455625959 
-0.4999951201467369 
-0.4999944469868450 
-0.5000010663025315 
-0.5000155935691551 
-0.5000288965184768 
-0.5000218396166943 
-0.4999758235886809 
-0.4998824388213899 
-0.4997281290816964 
-0.4994781487980871 
-0.4990701775062497 
-0.4984039774271036 
-0.4973239403554464 
-0.4955939439964818 
-0.4928635226849592 
-0.4886245767070960 
-0.4821590358023370 
-0.4724803120680306 
-0.4582754317025818 
-0.4378609237011058 
-0.4091744250182845 
-0.3698378625830661 
-0.3174077448868839 
-0.2511250347112186 
-0.1807301070731510 
-0.1236661603581626 
-0.0826172326338944 
-0.0540480252576080 
-0.0346647057667916 
-0.0218192638318292 
-0.0134912462944219 
-0.0082022298575620 
-0.0049079569573443 
-0.0028932270419065 
-0.0016814983483713 
-0.0009630463902020 
-0.0005410627958187 
-0.0002930984867140 
-0.0001449839647649 
-0.0000550738589449 
-0.0000044122065254 
0.0000163544791685 
0.0000178974397045 
0.0000113775124842 
0.0000043675612877 
0.0000000159244389 
-0.0000015515228739 
-0.0000014687202252 
-0.0000006771645975 
-0.0000006771645975 
-0.0000006771645975 
-0.0000006771645975 
-0.0000006771645975 
